Rk,Player,Pos,Age,Tm,G,GS,MP,FG,FGA,FG%,3P,3PA,3P%,2P,2PA,2P%,eFG%,FT,FTA,FT%,ORB,DRB,TRB,AST,STL,BLK,TOV,PF,PTS
1,Quincy Acy,SF,23,TOT,63,0,13.4,1.0,2.2,0.46799999999999997,0.1,0.2,0.267,1.0,2.0,0.49200000000000005,0.48200000000000004,0.6,0.8,0.66,1.1,2.3,3.4,0.4,0.4,0.4,0.5,1.9,2.7
2,Steven Adams,C,20,OKC,81,20,14.8,1.1,2.3,0.503,0.0,0.0,,1.1,2.3,0.503,0.503,1.0,1.7,0.581,1.8,2.3,4.1,0.5,0.5,0.7,0.9,2.5,3.3
3,Jeff Adrien,PF,27,TOT,53,12,18.1,2.7,5.2,0.52,0.0,0.0,,2.7,5.2,0.52,0.52,1.4,2.2,0.639,1.9,3.8,5.8,0.7,0.5,0.7,0.7,2.0,6.8
4,Arron Afflalo,SG,28,ORL,73,73,35.0,6.4,13.8,0.45899999999999996,1.8,4.1,0.42700000000000005,4.6,9.7,0.473,0.522,3.8,4.6,0.815,0.4,3.2,3.6,3.4,0.5,0.0,2.0,1.9,18.2
5,Alexis Ajinça,C,25,NOP,56,30,17.0,2.4,4.4,0.546,0.0,0.0,0.0,2.4,4.4,0.5479999999999999,0.546,1.0,1.2,0.836,1.7,3.3,4.9,0.7,0.4,0.8,1.1,3.3,5.9
6,Cole Aldrich,C,25,NYK,46,2,7.2,0.7,1.3,0.541,0.0,0.0,,0.7,1.3,0.541,0.541,0.6,0.7,0.867,0.8,2.0,2.8,0.3,0.2,0.7,0.4,0.9,2.0
7,LaMarcus Aldridge,PF,28,POR,69,69,36.2,9.4,20.6,0.45799999999999996,0.0,0.2,0.2,9.4,20.4,0.461,0.45899999999999996,4.3,5.2,0.8220000000000001,2.4,8.7,11.1,2.6,0.9,1.0,1.8,2.1,23.2
8,Lavoy Allen,PF,24,TOT,65,2,16.5,2.1,4.6,0.447,0.0,0.2,0.154,2.0,4.4,0.46,0.45,0.5,0.8,0.66,1.8,3.0,4.8,1.1,0.4,0.5,0.7,1.9,4.7
9,Ray Allen,SG,38,MIA,73,9,26.5,3.3,7.4,0.442,1.6,4.2,0.375,1.7,3.2,0.53,0.5489999999999999,1.4,1.6,0.905,0.3,2.5,2.8,2.0,0.7,0.1,1.2,1.6,9.6
10,Tony Allen,SG,32,MEM,55,28,23.2,3.7,7.5,0.494,0.2,0.9,0.23399999999999999,3.5,6.7,0.527,0.507,1.4,2.2,0.628,1.4,2.3,3.8,1.7,1.6,0.3,1.6,2.2,9.0
11,Al-Farouq Aminu,SF,23,NOP,80,65,25.6,2.9,6.2,0.474,0.2,0.6,0.271,2.8,5.6,0.496,0.48700000000000004,1.1,1.7,0.664,1.6,4.6,6.2,1.4,1.0,0.5,1.1,1.8,7.2
12,Lou Amundson,PF,31,TOT,19,0,9.7,0.8,1.7,0.5,0.0,0.0,,0.8,1.7,0.5,0.5,0.3,1.3,0.25,1.5,1.4,2.9,0.3,0.5,0.6,0.7,2.6,2.0
13,Chris Andersen,C,35,MIA,72,0,19.4,2.5,3.8,0.644,0.0,0.2,0.25,2.4,3.7,0.662,0.649,1.7,2.3,0.71,1.8,3.5,5.3,0.3,0.4,1.3,0.7,2.3,6.6
14,Alan Anderson,SF,31,BRK,78,26,22.7,2.5,6.2,0.4,1.1,3.2,0.33899999999999997,1.4,3.0,0.46399999999999997,0.48700000000000004,1.2,1.5,0.78,0.5,1.7,2.2,1.0,0.6,0.1,0.8,1.9,7.2
15,James Anderson,SG,24,PHI,80,62,28.9,3.9,9.0,0.431,1.4,4.4,0.32799999999999996,2.4,4.6,0.53,0.511,1.0,1.3,0.726,0.7,3.0,3.8,1.9,0.9,0.4,1.3,1.9,10.1
16,Ryan Anderson,PF,25,NOP,22,14,36.1,7.0,16.1,0.43799999999999994,3.0,7.5,0.409,4.0,8.6,0.46299999999999997,0.532,2.7,2.8,0.9520000000000001,3.0,3.5,6.5,0.8,0.5,0.3,0.9,2.1,19.8
17,Giannis Antetokounmpo,SF,19,MIL,77,23,24.6,2.2,5.4,0.414,0.5,1.5,0.34700000000000003,1.7,3.9,0.44,0.46299999999999997,1.8,2.6,0.6829999999999999,1.0,3.4,4.4,1.9,0.8,0.8,1.6,2.2,6.8
18,Carmelo Anthony,PF,29,NYK,77,77,38.7,9.6,21.3,0.452,2.2,5.4,0.402,7.5,15.9,0.469,0.503,6.0,7.0,0.848,1.9,6.2,8.1,3.1,1.2,0.7,2.6,2.9,27.4
19,Joel Anthony,C,31,TOT,33,0,5.6,0.4,1.0,0.375,0.0,0.0,,0.4,1.0,0.375,0.375,0.1,0.2,0.5,0.5,0.7,1.2,0.1,0.1,0.4,0.1,0.5,0.8
20,Pero Antić,C,31,ATL,50,26,18.5,2.5,5.9,0.418,1.1,3.4,0.327,1.3,2.5,0.545,0.514,1.0,1.3,0.758,1.1,3.0,4.2,1.2,0.4,0.2,1.1,2.5,7.0
21,Trevor Ariza,SF,28,WAS,77,77,35.4,5.1,11.1,0.456,2.3,5.7,0.40700000000000003,2.7,5.3,0.509,0.562,1.9,2.5,0.772,1.3,4.9,6.2,2.5,1.6,0.3,1.7,2.3,14.4
22,Hilton Armstrong,C,29,GSW,15,1,6.5,0.6,1.3,0.474,0.0,0.0,,0.6,1.3,0.474,0.474,0.5,1.1,0.43799999999999994,1.3,1.9,3.1,0.3,0.3,0.3,0.4,0.7,1.7
23,Darrell Arthur,SF,25,DEN,68,1,17.1,2.4,6.0,0.395,0.4,0.9,0.375,2.0,5.1,0.39899999999999997,0.424,0.8,0.9,0.855,0.8,2.3,3.1,0.9,0.6,0.7,0.9,2.7,5.9
24,Ömer Aşık,C,27,HOU,48,19,20.2,2.1,4.0,0.532,0.0,0.0,,2.1,4.0,0.532,0.532,1.6,2.6,0.619,2.1,5.8,7.9,0.5,0.3,0.8,1.2,1.9,5.8
25,D.J. Augustin,PG,26,TOT,71,9,27.3,4.2,10.1,0.415,1.9,4.7,0.401,2.3,5.4,0.42700000000000005,0.508,2.8,3.2,0.885,0.2,1.6,1.8,4.4,0.7,0.0,1.8,2.1,13.1
26,Gustavo Ayón,C,28,ATL,26,14,16.5,2.0,3.9,0.51,0.0,0.0,,2.0,3.9,0.51,0.51,0.3,0.8,0.4,1.6,3.2,4.8,1.1,1.0,0.4,1.1,1.8,4.3
27,Jeff Ayres,PF,26,SAS,73,10,13.0,1.4,2.4,0.58,0.0,0.0,,1.4,2.4,0.58,0.58,0.5,0.8,0.691,1.2,2.3,3.5,0.8,0.2,0.3,0.9,2.0,3.3
28,Chris Babb,SG,23,BOS,14,0,9.4,0.6,2.1,0.267,0.4,1.9,0.222,0.1,0.2,0.667,0.36700000000000005,0.0,0.0,,0.3,0.9,1.2,0.2,0.4,0.0,0.2,0.9,1.6
29,Luke Babbitt,PF,24,NOP,27,2,17.5,2.2,5.7,0.39,1.3,3.5,0.379,0.9,2.2,0.40700000000000003,0.506,0.5,0.7,0.778,0.7,2.6,3.3,1.1,0.3,0.4,0.6,1.9,6.3
30,Leandro Barbosa,PG,31,PHO,20,0,18.4,2.8,6.6,0.42700000000000005,0.4,1.3,0.28,2.5,5.3,0.462,0.45399999999999996,1.6,2.0,0.795,0.3,1.6,1.9,1.6,0.4,0.2,1.0,1.5,7.5
31,J.J. Barea,PG,29,MIN,79,1,18.6,3.2,8.3,0.387,0.9,2.9,0.316,2.3,5.4,0.426,0.44299999999999995,1.0,1.3,0.79,0.2,1.7,1.9,3.8,0.3,0.0,1.6,1.6,8.4
32,Andrea Bargnani,C,28,NYK,42,39,29.9,5.3,12.0,0.442,0.7,2.6,0.278,4.6,9.4,0.48700000000000004,0.47200000000000003,2.0,2.4,0.8240000000000001,1.6,3.6,5.3,1.1,0.3,1.2,1.4,2.4,13.3
33,Harrison Barnes,SF,21,GSW,78,24,28.3,3.5,8.7,0.39899999999999997,0.8,2.4,0.34700000000000003,2.6,6.3,0.419,0.44799999999999995,1.7,2.3,0.718,0.8,3.1,4.0,1.5,0.8,0.3,1.1,2.0,9.5
34,Matt Barnes,SF,33,LAC,63,40,27.5,3.7,8.4,0.43799999999999994,1.5,4.5,0.34299999999999997,2.1,3.9,0.5489999999999999,0.53,1.0,1.4,0.733,1.0,3.7,4.6,2.0,0.9,0.4,1.3,2.9,9.9
35,Will Barton,SG,23,POR,41,0,9.4,1.6,3.8,0.41700000000000004,0.2,0.8,0.303,1.3,3.0,0.447,0.449,0.6,0.8,0.813,0.4,1.4,1.8,0.8,0.2,0.2,0.4,0.8,4.0
36,Brandon Bass,PF,28,BOS,82,73,27.6,4.3,8.8,0.486,0.0,0.1,0.33299999999999996,4.3,8.8,0.48700000000000004,0.48700000000000004,2.5,2.9,0.858,2.0,3.8,5.7,1.1,0.4,0.9,1.2,2.3,11.1
37,Shane Battier,SF,35,MIA,73,56,20.1,1.4,3.8,0.382,1.0,2.9,0.348,0.4,0.9,0.49200000000000005,0.515,0.2,0.3,0.652,0.5,1.4,1.9,0.9,0.7,0.5,0.3,1.7,4.1
38,Nicolas Batum,SF,25,POR,82,82,36.0,4.6,10.0,0.465,1.8,4.9,0.361,2.9,5.1,0.5660000000000001,0.5539999999999999,2.0,2.5,0.8029999999999999,1.4,6.0,7.5,5.1,0.9,0.7,2.5,1.9,13.0
39,Jerryd Bayless,PG,25,TOT,72,19,23.4,3.4,8.6,0.402,1.1,2.9,0.358,2.4,5.6,0.425,0.46399999999999997,1.3,1.6,0.797,0.3,1.7,2.0,2.7,0.8,0.1,1.1,2.2,9.3
40,Aron Baynes,C,27,SAS,53,4,9.3,1.3,3.1,0.436,0.0,0.0,,1.3,3.1,0.436,0.436,0.4,0.4,0.905,1.1,1.7,2.7,0.6,0.0,0.1,0.7,1.5,3.0
41,Kent Bazemore,SG,24,TOT,67,15,13.6,2.2,5.1,0.429,0.6,1.9,0.336,1.6,3.2,0.484,0.491,1.0,1.6,0.606,0.1,1.6,1.7,1.4,0.6,0.2,1.2,1.5,6.0
42,Bradley Beal,SG,20,WAS,73,73,34.7,6.6,15.7,0.419,1.9,4.7,0.402,4.7,11.0,0.426,0.479,2.0,2.6,0.7879999999999999,0.7,3.0,3.7,3.3,1.0,0.2,1.8,2.1,17.1
43,Michael Beasley,SF,25,MIA,55,2,15.1,3.2,6.5,0.499,0.4,1.0,0.389,2.8,5.5,0.518,0.528,1.1,1.4,0.772,0.6,2.6,3.1,0.8,0.4,0.4,1.0,1.7,7.9
44,Marco Belinelli,SF,27,SAS,80,25,25.2,4.2,8.7,0.485,1.6,3.7,0.43,2.6,5.0,0.525,0.5760000000000001,1.4,1.6,0.847,0.2,2.6,2.8,2.2,0.6,0.1,1.2,1.6,11.4
45,Anthony Bennett,PF,20,CLE,52,0,12.8,1.5,4.3,0.35600000000000004,0.3,1.0,0.245,1.3,3.3,0.39,0.384,0.8,1.3,0.638,0.9,2.0,3.0,0.3,0.4,0.2,0.9,1.8,4.2
46,Patrick Beverley,PG,25,HOU,56,55,31.3,3.6,8.6,0.414,1.6,4.6,0.361,1.9,4.0,0.473,0.509,1.5,1.8,0.8140000000000001,1.3,2.2,3.5,2.7,1.4,0.4,1.2,3.1,10.2
47,Andris Biedriņš,C,27,UTA,6,0,7.5,0.2,0.2,1.0,0.0,0.0,,0.2,0.2,1.0,1.0,0.2,1.0,0.16699999999999998,0.3,2.5,2.8,0.0,0.0,0.0,0.3,1.0,0.5
48,Chauncey Billups,SG,37,DET,19,7,16.3,1.3,4.2,0.304,0.7,2.5,0.292,0.5,1.6,0.32299999999999995,0.392,0.5,0.6,0.833,0.2,1.3,1.5,2.2,0.4,0.1,1.3,1.3,3.8
49,Bismack Biyombo,C,21,CHA,77,9,13.9,1.1,1.9,0.611,0.0,0.0,,1.1,1.9,0.611,0.611,0.6,1.2,0.517,1.4,3.4,4.8,0.1,0.1,1.1,0.5,1.6,2.9
50,DeJuan Blair,PF,24,DAL,78,13,15.6,2.7,5.0,0.534,0.0,0.0,0.0,2.7,5.0,0.537,0.534,1.0,1.6,0.636,1.8,2.9,4.7,0.9,0.8,0.3,1.0,2.5,6.4
51,Steve Blake,PG,33,TOT,55,28,27.2,2.4,6.4,0.377,1.4,3.8,0.376,1.0,2.6,0.37799999999999995,0.489,0.6,0.8,0.767,0.2,2.7,2.9,5.6,1.0,0.1,1.9,1.5,6.9
52,Andray Blatche,PF,27,BRK,73,7,22.2,4.4,9.2,0.47600000000000003,0.2,0.7,0.278,4.2,8.5,0.494,0.48700000000000004,2.2,3.0,0.742,1.6,3.7,5.3,1.5,1.0,0.5,1.5,2.3,11.2
53,Eric Bledsoe,PG,24,PHO,43,40,32.9,6.2,12.9,0.47700000000000004,1.2,3.3,0.35700000000000004,5.0,9.7,0.517,0.522,4.3,5.5,0.772,0.6,4.1,4.7,5.5,1.6,0.3,3.3,2.3,17.7
54,Vander Blue,SG,21,BOS,3,0,5.0,0.7,1.3,0.5,0.0,0.3,0.0,0.7,1.0,0.667,0.5,0.3,1.7,0.2,0.0,1.0,1.0,0.3,0.0,0.0,0.7,0.3,1.7
55,Keith Bogans,SG,33,BOS,6,0,9.2,0.5,1.0,0.5,0.5,1.0,0.5,0.0,0.0,,0.75,0.5,0.5,1.0,0.0,0.5,0.5,0.5,0.2,0.0,0.2,0.3,2.0
56,Andrew Bogut,C,29,GSW,67,67,26.4,3.5,5.6,0.627,0.0,0.0,,3.5,5.6,0.627,0.627,0.3,1.0,0.344,2.7,7.3,10.0,1.7,0.7,1.8,1.4,3.1,7.3
57,Matt Bonner,PF,33,SAS,61,0,11.3,1.2,2.7,0.445,0.7,1.6,0.429,0.5,1.1,0.47,0.573,0.1,0.2,0.75,0.3,1.9,2.1,0.5,0.2,0.2,0.3,0.8,3.2
58,Trevor Booker,PF,26,WAS,72,45,21.6,3.1,5.6,0.551,0.0,0.0,0.0,3.1,5.6,0.5539999999999999,0.551,0.7,1.1,0.618,2.1,3.2,5.3,0.9,0.6,0.6,0.8,1.8,6.8
59,Carlos Boozer,PF,32,CHI,76,76,28.2,5.9,12.9,0.456,0.0,0.0,0.0,5.9,12.9,0.457,0.456,1.9,2.5,0.767,1.8,6.5,8.3,1.6,0.7,0.3,2.0,2.8,13.7
60,Chris Bosh,C,29,MIA,79,79,32.0,6.2,12.1,0.516,0.9,2.8,0.33899999999999997,5.3,9.3,0.569,0.555,2.8,3.4,0.82,1.2,5.4,6.6,1.1,1.0,1.0,1.6,2.4,16.2
61,Avery Bradley,SG,23,BOS,60,58,30.9,6.0,13.8,0.43799999999999994,1.3,3.3,0.395,4.7,10.4,0.451,0.485,1.5,1.9,0.804,0.8,3.0,3.8,1.4,1.1,0.2,1.6,2.4,14.9
62,Elton Brand,C,34,ATL,73,15,19.4,2.5,4.5,0.539,0.0,0.0,0.0,2.5,4.5,0.542,0.539,0.8,1.3,0.649,1.3,3.6,4.9,1.0,0.5,1.2,0.8,2.6,5.7
63,Corey Brewer,SF,27,MIN,81,81,32.2,4.8,10.0,0.48100000000000004,0.7,2.6,0.28,4.1,7.4,0.552,0.517,2.0,2.8,0.718,0.8,1.8,2.6,1.7,1.9,0.4,1.3,2.6,12.3
64,Ronnie Brewer,SF,28,TOT,24,3,6.7,0.1,0.6,0.2,0.0,0.3,0.125,0.1,0.3,0.28600000000000003,0.233,0.0,0.1,0.0,0.1,0.5,0.6,0.4,0.3,0.0,0.1,0.2,0.3
65,Aaron Brooks,PG,29,TOT,72,12,21.6,3.2,8.1,0.401,1.3,3.4,0.387,1.9,4.6,0.41100000000000003,0.484,1.2,1.3,0.8740000000000001,0.6,1.3,1.9,3.2,0.7,0.2,1.6,2.0,9.0
66,MarShon Brooks,SG,25,TOT,35,0,9.0,1.6,3.6,0.456,0.4,0.7,0.52,1.3,2.9,0.44,0.508,0.9,1.3,0.727,0.3,1.3,1.5,0.7,0.4,0.1,0.7,0.6,4.5
67,Lorenzo Brown,PG,23,PHI,26,0,8.6,1.0,3.3,0.302,0.1,1.2,0.1,0.9,2.2,0.41100000000000003,0.32,0.3,0.5,0.6920000000000001,0.3,0.8,1.1,1.6,0.5,0.1,0.6,0.7,2.5
68,Shannon Brown,SG,28,TOT,29,1,8.7,0.8,2.3,0.364,0.0,0.1,0.0,0.8,2.2,0.375,0.364,0.5,0.7,0.7140000000000001,0.2,0.7,1.0,0.3,0.4,0.0,0.6,0.8,2.2
69,Kobe Bryant,SG,35,LAL,6,6,29.5,5.2,12.2,0.425,0.5,2.7,0.188,4.7,9.5,0.491,0.445,3.0,3.5,0.857,0.3,4.0,4.3,6.3,1.2,0.2,5.7,1.5,13.8
70,Chase Budinger,SF,25,MIN,41,8,18.3,2.4,6.2,0.39399999999999996,1.0,2.9,0.35,1.4,3.3,0.433,0.47600000000000003,0.8,1.0,0.821,0.5,2.0,2.5,0.8,0.5,0.0,0.6,1.4,6.7
71,Reggie Bullock,SF,22,LAC,43,0,9.2,1.0,2.8,0.355,0.5,1.7,0.301,0.5,1.1,0.43799999999999994,0.446,0.2,0.2,0.778,0.3,1.0,1.3,0.3,0.2,0.0,0.3,0.6,2.7
72,Trey Burke,PG,21,UTA,70,68,32.3,4.9,12.8,0.38,1.6,4.8,0.33,3.3,8.0,0.41,0.442,1.5,1.6,0.903,0.5,2.4,3.0,5.7,0.6,0.1,1.9,2.1,12.8
73,Alec Burks,SG,22,UTA,78,12,28.1,4.9,10.7,0.457,0.6,1.8,0.35,4.2,8.8,0.48,0.48700000000000004,3.6,4.8,0.748,0.8,2.5,3.3,2.7,0.9,0.2,1.9,2.4,14.0
74,Caron Butler,SF,33,TOT,56,13,25.3,3.8,9.6,0.39399999999999996,1.8,4.4,0.39399999999999996,2.1,5.2,0.395,0.485,1.1,1.3,0.84,0.4,3.7,4.1,1.5,0.8,0.3,1.1,2.1,10.5
75,Jimmy Butler,SG,24,CHI,67,67,38.7,4.1,10.3,0.397,1.0,3.6,0.28300000000000003,3.1,6.8,0.457,0.446,3.9,5.0,0.769,1.3,3.6,4.9,2.6,1.9,0.5,1.5,1.6,13.1
76,Rasual Butler,SG,34,IND,50,2,7.6,1.0,2.2,0.46399999999999997,0.5,1.2,0.419,0.5,1.0,0.521,0.5820000000000001,0.2,0.3,0.5710000000000001,0.1,0.7,0.8,0.3,0.1,0.2,0.2,0.6,2.7
77,Dwight Buycks,PG,24,TOR,14,0,10.4,1.1,3.4,0.313,0.4,1.2,0.294,0.7,2.2,0.32299999999999995,0.365,0.6,0.6,0.889,0.3,1.4,1.6,0.7,0.6,0.0,0.7,0.8,3.1
78,Andrew Bynum,C,26,TOT,26,19,19.8,3.6,8.7,0.418,0.0,0.0,,3.6,8.7,0.418,0.418,1.4,1.9,0.755,2.0,3.5,5.6,1.1,0.2,1.1,1.3,1.2,8.7
79,Will Bynum,PG,31,DET,56,3,18.8,3.3,7.7,0.428,0.4,1.1,0.32299999999999995,2.9,6.6,0.446,0.451,1.7,2.2,0.802,0.4,1.3,1.8,3.9,0.7,0.1,1.8,2.2,8.7
80,Nick Calathes,SG,24,MEM,71,7,16.5,2.0,4.4,0.457,0.3,0.9,0.311,1.7,3.5,0.49200000000000005,0.48700000000000004,0.6,1.0,0.611,0.3,1.6,1.9,2.9,0.9,0.1,1.4,1.6,4.9
81,José Calderón,PG,32,DAL,81,81,30.5,4.2,9.2,0.456,2.4,5.2,0.449,1.9,4.0,0.46399999999999997,0.584,0.6,0.8,0.825,0.4,2.0,2.4,4.7,0.9,0.1,1.3,1.7,11.4
82,Kentavious Caldwell-Pope,SG,20,DET,80,41,19.8,2.3,5.8,0.396,0.7,2.3,0.319,1.5,3.4,0.447,0.46,0.6,0.8,0.77,0.5,1.5,2.0,0.7,0.9,0.2,0.4,1.8,5.9
83,Isaiah Canaan,PG,22,HOU,22,0,11.5,1.4,4.0,0.35600000000000004,0.8,2.5,0.327,0.6,1.5,0.406,0.46,1.0,1.3,0.7240000000000001,0.3,0.8,1.1,1.0,0.4,0.2,1.0,1.1,4.6
84,DeMarre Carroll,SF,27,ATL,73,73,32.1,4.1,8.8,0.47,1.3,3.7,0.36200000000000004,2.8,5.1,0.5479999999999999,0.546,1.5,1.9,0.773,1.5,4.1,5.5,1.8,1.5,0.3,1.1,2.6,11.1
85,Vince Carter,SG,37,DAL,81,0,24.4,4.1,10.0,0.40700000000000003,1.8,4.6,0.39399999999999996,2.3,5.4,0.418,0.49700000000000005,2.0,2.4,0.821,0.8,2.7,3.5,2.6,0.8,0.4,1.3,2.6,11.9
86,Michael Carter-Williams,PG,22,PHI,70,70,34.5,6.1,15.1,0.405,0.8,3.0,0.264,5.3,12.1,0.44,0.431,3.7,5.2,0.703,1.4,4.8,6.2,6.3,1.9,0.6,3.5,3.0,16.7
87,Omri Casspi,PF,25,HOU,71,2,18.1,2.4,5.8,0.42200000000000004,0.9,2.5,0.34700000000000003,1.6,3.3,0.479,0.496,1.2,1.7,0.68,0.8,2.9,3.7,1.2,0.6,0.2,1.0,1.4,6.9
88,Mario Chalmers,PG,27,MIA,73,73,29.8,3.5,7.7,0.45399999999999996,1.2,3.1,0.385,2.3,4.6,0.5,0.531,1.7,2.2,0.742,0.6,2.4,2.9,4.9,1.6,0.2,2.2,2.9,9.8
89,Tyson Chandler,C,31,NYK,55,55,30.2,3.5,5.9,0.593,0.0,0.0,0.0,3.5,5.8,0.595,0.593,1.8,2.8,0.632,2.9,6.7,9.6,1.1,0.7,1.1,1.3,2.6,8.7
90,Wilson Chandler,SF,26,DEN,62,55,31.1,5.0,11.9,0.41600000000000004,2.0,5.7,0.348,3.0,6.2,0.478,0.499,1.8,2.5,0.7240000000000001,0.9,3.8,4.7,1.8,0.7,0.5,1.3,3.1,13.6
91,Josh Childress,SF,30,NOP,4,0,6.0,0.0,0.0,,0.0,0.0,,0.0,0.0,,,0.0,0.0,,0.0,0.8,0.8,0.5,0.3,0.0,0.3,0.3,0.0
92,Dionte Christmas,SF,27,PHO,31,0,6.4,0.7,2.0,0.355,0.3,1.0,0.29,0.4,1.0,0.419,0.42700000000000005,0.6,0.8,0.75,0.4,0.8,1.2,0.3,0.1,0.1,0.2,0.6,2.3
93,Earl Clark,PF,26,TOT,54,17,14.2,1.8,4.8,0.37200000000000005,0.8,2.3,0.336,1.0,2.6,0.40299999999999997,0.45,0.4,0.6,0.647,0.4,2.2,2.6,0.3,0.3,0.5,0.6,1.2,4.8
94,Ian Clark,SG,22,UTA,23,0,7.5,1.1,2.9,0.38799999999999996,0.5,1.3,0.355,0.7,1.6,0.41700000000000004,0.47,0.2,0.3,0.7140000000000001,0.1,0.7,0.8,0.7,0.3,0.1,0.6,1.0,3.0
95,Victor Claver,SF,25,POR,21,0,8.8,0.8,2.0,0.405,0.1,0.9,0.16699999999999998,0.7,1.1,0.583,0.44,0.5,0.5,0.909,0.4,1.4,1.9,0.6,0.1,0.1,0.5,0.8,2.2
96,Norris Cole,PG,25,MIA,82,6,24.6,2.5,6.1,0.414,0.7,2.1,0.345,1.8,4.0,0.451,0.474,0.6,0.8,0.779,0.2,1.7,2.0,3.0,0.9,0.1,1.5,1.9,6.4
97,Jason Collins,C,35,BRK,22,1,7.8,0.5,1.1,0.45799999999999996,0.0,0.1,0.0,0.5,1.0,0.524,0.45799999999999996,0.1,0.2,0.75,0.3,0.5,0.9,0.2,0.4,0.0,0.3,1.4,1.1
98,Darren Collison,PG,26,LAC,80,35,25.9,4.1,8.7,0.467,0.9,2.4,0.376,3.2,6.3,0.501,0.518,2.4,2.8,0.857,0.6,1.8,2.4,3.7,1.2,0.2,1.7,1.9,11.4
99,Nick Collison,PF,33,OKC,81,0,16.7,1.7,3.0,0.556,0.0,0.2,0.235,1.6,2.8,0.58,0.564,0.8,1.1,0.71,1.4,2.2,3.6,1.3,0.4,0.3,0.9,2.3,4.2
100,Mike Conley,PG,26,MEM,73,73,33.5,6.3,14.1,0.45,1.4,4.0,0.361,4.9,10.1,0.484,0.5,3.1,3.8,0.815,0.6,2.4,2.9,6.0,1.5,0.2,2.1,1.9,17.2
101,Chris Copeland,SF,29,IND,41,0,6.5,1.3,2.9,0.47,0.8,1.9,0.418,0.5,0.9,0.579,0.611,0.2,0.3,0.7140000000000001,0.2,0.6,0.8,0.4,0.1,0.2,0.3,0.9,3.7
102,DeMarcus Cousins,C,23,SAC,71,71,32.4,8.3,16.8,0.496,0.0,0.1,0.0,8.3,16.7,0.499,0.496,6.1,8.4,0.726,3.1,8.6,11.7,2.9,1.5,1.3,3.5,3.8,22.7
103,Robert Covington,SF,23,HOU,7,0,4.9,0.9,2.0,0.429,0.6,1.6,0.364,0.3,0.4,0.667,0.5710000000000001,0.0,0.0,,0.3,0.4,0.7,0.0,0.3,0.0,0.1,0.4,2.3
104,Allen Crabbe,SG,21,POR,15,0,6.7,0.8,2.2,0.364,0.4,0.9,0.429,0.4,1.3,0.316,0.455,0.2,0.3,0.75,0.1,0.5,0.6,0.4,0.1,0.1,0.2,0.7,2.2
105,Jamal Crawford,SG,33,LAC,69,24,30.3,6.1,14.7,0.41600000000000004,2.3,6.5,0.361,3.8,8.2,0.46,0.496,4.0,4.7,0.866,0.5,1.8,2.3,3.2,0.9,0.2,2.0,1.7,18.6
106,Jordan Crawford,SG-PG,25,TOT,81,35,23.0,4.0,9.7,0.415,1.1,3.5,0.316,2.9,6.2,0.47100000000000003,0.47200000000000003,1.8,2.1,0.8640000000000001,0.3,1.9,2.3,3.5,0.6,0.1,1.7,1.5,11.0
107,Jae Crowder,SF,23,DAL,78,8,16.1,1.7,3.8,0.439,0.6,1.9,0.331,1.0,1.9,0.552,0.524,0.6,0.8,0.754,0.6,1.9,2.5,0.8,0.8,0.3,0.5,1.3,4.6
108,Dante Cunningham,PF,26,MIN,81,7,20.2,2.9,6.3,0.46399999999999997,0.0,0.1,0.0,2.9,6.2,0.46799999999999997,0.46399999999999997,0.5,0.8,0.5670000000000001,1.4,2.7,4.1,1.0,0.8,0.7,0.5,1.8,6.3
109,Jared Cunningham,SG,22,TOT,13,0,6.2,0.5,1.6,0.28600000000000003,0.1,0.5,0.14300000000000002,0.4,1.1,0.35700000000000004,0.31,1.0,1.2,0.813,0.1,0.4,0.5,0.6,0.2,0.0,0.2,1.2,2.0
110,Seth Curry,PG,23,TOT,2,0,6.5,0.5,1.5,0.33299999999999996,0.5,0.5,1.0,0.0,1.0,0.0,0.5,0.0,0.0,,0.0,0.5,0.5,0.0,1.0,0.0,0.0,0.0,1.5
111,Stephen Curry,PG,25,GSW,78,78,36.5,8.4,17.7,0.47100000000000003,3.3,7.9,0.424,5.0,9.8,0.509,0.5660000000000001,3.9,4.5,0.885,0.6,3.7,4.3,8.5,1.6,0.2,3.8,2.5,24.0
112,Samuel Dalembert,C,32,DAL,80,68,20.2,2.7,4.7,0.568,0.0,0.0,0.0,2.7,4.7,0.569,0.568,1.3,1.7,0.737,2.5,4.3,6.8,0.5,0.5,1.2,1.1,2.6,6.6
113,Troy Daniels,SG,22,HOU,5,1,15.0,3.0,6.2,0.484,2.4,5.0,0.48,0.6,1.2,0.5,0.677,0.0,0.0,,0.0,0.8,0.8,1.0,0.0,0.0,0.6,1.2,8.4
114,Gigi Datome,SF,26,DET,34,0,7.0,1.0,2.9,0.35100000000000003,0.2,1.1,0.179,0.8,1.7,0.466,0.387,0.2,0.3,0.8,0.4,0.9,1.4,0.3,0.2,0.0,0.3,0.6,2.4
115,Brandon Davies,PF,22,PHI,51,0,11.3,1.1,2.5,0.42200000000000004,0.0,0.2,0.2,1.0,2.3,0.441,0.43,0.7,1.0,0.642,0.7,1.4,2.1,0.5,0.5,0.2,0.7,1.8,2.8
116,Anthony Davis,PF,20,NOP,67,66,35.2,7.8,15.0,0.519,0.0,0.1,0.222,7.8,14.9,0.522,0.52,5.2,6.6,0.7909999999999999,3.1,7.0,10.0,1.6,1.3,2.8,1.6,3.0,20.8
117,Ed Davis,PF,24,MEM,63,4,15.2,2.5,4.6,0.534,0.0,0.0,,2.5,4.6,0.534,0.534,0.7,1.4,0.528,1.5,2.7,4.1,0.4,0.3,0.7,0.6,1.8,5.7
118,Glen Davis,PF,28,TOT,68,44,24.4,4.0,8.7,0.457,0.1,0.2,0.364,3.9,8.6,0.45899999999999996,0.46,1.4,2.0,0.693,1.6,3.6,5.2,1.1,0.9,0.4,1.1,2.3,9.4
119,Austin Daye,SF,25,TOT,22,1,6.7,1.1,3.1,0.353,0.5,1.7,0.324,0.5,1.4,0.387,0.441,0.3,0.5,0.6,0.2,1.0,1.2,0.4,0.2,0.2,0.2,0.8,3.0
120,Nando De Colo,SF,26,TOT,47,3,10.5,1.4,3.3,0.418,0.4,1.1,0.34,1.0,2.1,0.46,0.47700000000000004,0.7,0.7,0.8859999999999999,0.3,1.3,1.6,1.4,0.5,0.1,0.7,1.0,3.8
121,Dewayne Dedmon,C,24,TOT,31,6,12.6,1.2,2.7,0.45799999999999996,0.0,0.0,,1.2,2.7,0.45799999999999996,0.45799999999999996,0.7,1.0,0.6559999999999999,1.2,2.9,4.1,0.2,0.2,0.7,0.6,2.1,3.1
122,Matthew Dellavedova,SG,23,CLE,72,4,17.7,1.7,4.1,0.41200000000000003,0.8,2.2,0.368,0.9,2.0,0.461,0.508,0.5,0.7,0.792,0.4,1.3,1.7,2.6,0.5,0.1,0.8,1.7,4.7
123,Luol Deng,SF,28,TOT,63,63,35.1,5.9,13.7,0.431,0.9,3.0,0.302,5.0,10.7,0.46799999999999997,0.465,3.4,4.3,0.7909999999999999,1.6,4.2,5.7,2.9,1.0,0.1,1.8,1.8,16.0
124,DeMar DeRozan,SG,24,TOR,79,79,38.2,7.6,17.8,0.429,0.8,2.7,0.305,6.8,15.2,0.451,0.452,6.6,8.0,0.8240000000000001,0.6,3.7,4.3,4.0,1.1,0.4,2.2,2.5,22.7
125,Boris Diaw,PF,31,SAS,79,24,25.0,3.8,7.3,0.521,0.6,1.4,0.402,3.3,5.9,0.5489999999999999,0.5589999999999999,0.9,1.2,0.7390000000000001,0.9,3.2,4.1,2.8,0.6,0.4,1.5,1.8,9.1
126,Gorgui Dieng,C,24,MIN,60,15,13.6,1.9,3.8,0.498,0.0,0.0,1.0,1.9,3.8,0.496,0.5,1.0,1.6,0.634,1.7,3.3,5.0,0.7,0.5,0.8,0.9,1.8,4.8
127,Toney Douglas,PG,27,TOT,51,17,13.2,1.4,3.7,0.384,0.6,2.0,0.304,0.8,1.7,0.47700000000000004,0.466,0.5,0.7,0.735,0.4,1.4,1.7,1.3,0.4,0.1,0.7,1.6,4.0
128,Chris Douglas-Roberts,SF,27,CHA,49,8,20.7,2.3,5.1,0.44,1.0,2.7,0.386,1.2,2.4,0.5,0.542,1.3,1.7,0.805,0.3,2.1,2.4,1.0,0.6,0.3,0.7,1.2,6.9
129,Goran Dragić,SG,27,PHO,76,75,35.1,7.3,14.4,0.505,1.6,3.9,0.408,5.7,10.4,0.542,0.561,4.2,5.5,0.76,0.9,2.3,3.2,5.9,1.4,0.3,2.8,2.7,20.3
130,Andre Drummond,C,20,DET,81,81,32.3,5.9,9.5,0.623,0.0,0.0,0.0,5.9,9.5,0.625,0.623,1.7,4.0,0.418,5.4,7.8,13.2,0.4,1.2,1.6,1.4,3.4,13.5
131,Jared Dudley,SF,28,LAC,74,43,23.4,2.6,6.0,0.43799999999999994,1.1,3.0,0.36,1.6,3.0,0.518,0.529,0.5,0.8,0.655,0.5,1.7,2.2,1.4,0.6,0.1,0.8,2.0,6.9
132,Tim Duncan,C,37,SAS,74,74,29.2,6.0,12.2,0.49,0.0,0.1,0.0,6.0,12.2,0.493,0.49,3.1,4.3,0.731,2.1,7.6,9.7,3.0,0.6,1.9,2.1,1.8,15.1
133,Mike Dunleavy,SF,33,CHI,82,61,31.5,4.1,9.4,0.43,1.5,4.0,0.38,2.6,5.5,0.467,0.51,1.7,2.0,0.8540000000000001,0.6,3.6,4.2,2.3,0.8,0.6,1.3,2.0,11.3
134,Kevin Durant,SF,25,OKC,81,81,38.5,10.5,20.8,0.503,2.4,6.1,0.391,8.1,14.8,0.5489999999999999,0.56,8.7,9.9,0.873,0.7,6.7,7.4,5.5,1.3,0.7,3.5,2.1,32.0
135,Shane Edwards,SF,26,CLE,2,0,6.0,0.5,1.5,0.33299999999999996,0.0,0.0,,0.5,1.5,0.33299999999999996,0.33299999999999996,0.0,0.0,,0.5,0.5,1.0,0.0,0.0,0.0,0.5,0.5,1.0
136,Wayne Ellington,SG,26,DAL,45,1,8.7,1.2,2.8,0.43700000000000006,0.6,1.3,0.424,0.7,1.5,0.44799999999999995,0.536,0.2,0.2,0.909,0.2,0.8,1.0,0.4,0.4,0.0,0.2,0.7,3.2
137,Monta Ellis,SG,28,DAL,82,82,36.9,7.0,15.6,0.451,0.8,2.5,0.33,6.2,13.0,0.474,0.478,4.1,5.2,0.7879999999999999,0.5,3.1,3.6,5.7,1.7,0.3,3.2,2.4,19.0
138,Melvin Ely,C,35,NOP,2,0,13.5,1.5,3.0,0.5,0.0,0.0,,1.5,3.0,0.5,0.5,0.0,0.0,,0.0,0.5,0.5,0.0,0.0,0.5,0.0,2.5,3.0
139,Jeremy Evans,SF,26,UTA,66,4,18.3,2.7,5.0,0.527,0.0,0.0,0.0,2.7,5.0,0.53,0.527,0.8,1.1,0.68,1.8,2.9,4.7,0.7,0.6,0.7,0.6,2.1,6.1
140,Reggie Evans,PF,33,TOT,54,20,16.6,1.3,2.8,0.473,0.0,0.0,,1.3,2.8,0.473,0.473,1.3,2.4,0.5539999999999999,2.1,4.1,6.2,0.4,0.7,0.1,1.1,2.2,4.0
141,Tyreke Evans,SF,24,NOP,72,22,28.2,5.4,12.5,0.436,0.3,1.3,0.221,5.1,11.1,0.461,0.44799999999999995,3.3,4.3,0.7709999999999999,1.1,3.7,4.7,5.0,1.2,0.3,2.4,2.2,14.5
142,Kenneth Faried,PF,24,DEN,80,77,27.2,5.6,10.3,0.545,0.0,0.0,0.0,5.6,10.2,0.547,0.545,2.5,3.9,0.65,3.0,5.6,8.6,1.2,0.9,0.9,1.7,2.4,13.7
143,Jordan Farmar,PG,27,LAL,41,5,22.2,3.7,8.9,0.415,1.7,3.9,0.43799999999999994,2.0,5.0,0.397,0.511,1.1,1.4,0.746,0.5,2.0,2.5,4.9,0.9,0.2,2.3,1.6,10.1
144,Vítor Luiz Faverani,C,25,BOS,37,8,13.2,1.7,4.0,0.435,0.3,1.1,0.3,1.4,2.9,0.486,0.47600000000000003,0.6,1.0,0.649,1.1,2.3,3.5,0.4,0.4,0.7,1.1,2.0,4.4
145,Derrick Favors,PF,22,UTA,73,73,30.2,5.3,10.2,0.522,0.0,0.0,0.0,5.3,10.2,0.523,0.522,2.6,3.9,0.669,2.7,6.0,8.7,1.2,1.0,1.5,1.8,3.2,13.3
146,Carrick Felix,SG,23,CLE,7,0,5.4,1.0,2.0,0.5,0.3,0.7,0.4,0.7,1.3,0.556,0.5710000000000001,0.4,0.6,0.75,0.1,0.7,0.9,0.6,0.0,0.0,0.6,0.6,2.7
147,Raymond Felton,PG,29,NYK,65,65,31.0,3.7,9.4,0.395,1.0,3.0,0.318,2.7,6.4,0.431,0.446,1.4,1.9,0.721,0.8,2.2,3.0,5.6,1.2,0.4,2.0,2.4,9.7
148,Landry Fields,SF,25,TOR,30,2,10.7,0.9,2.2,0.40299999999999997,0.0,0.2,0.0,0.9,2.1,0.435,0.40299999999999997,0.5,0.7,0.636,0.5,1.5,2.0,0.7,0.3,0.1,0.4,0.8,2.3
149,Derek Fisher,SG,39,OKC,81,0,17.6,1.7,4.5,0.391,1.1,2.8,0.384,0.7,1.6,0.402,0.512,0.7,0.9,0.775,0.1,1.4,1.5,1.4,0.9,0.0,0.6,1.9,5.2
150,Evan Fournier,SG,21,DEN,76,4,19.8,3.0,7.2,0.419,1.2,3.1,0.376,1.8,4.0,0.45299999999999996,0.501,1.2,1.6,0.7559999999999999,0.4,2.2,2.7,1.5,0.4,0.1,1.3,2.4,8.4
151,Randy Foye,SG,30,DEN,81,78,30.7,4.5,10.8,0.413,2.3,6.1,0.38,2.1,4.7,0.456,0.521,1.9,2.3,0.8490000000000001,0.4,2.4,2.9,3.5,0.8,0.5,1.8,2.5,13.2
152,Jamaal Franklin,SG,22,MEM,21,0,7.7,0.8,1.9,0.41,0.2,0.5,0.455,0.5,1.3,0.39299999999999996,0.474,0.1,0.1,1.0,0.2,0.9,1.1,0.3,0.2,0.1,0.5,1.1,1.9
153,Jimmer Fredette,SG,24,TOT,49,0,10.6,2.2,4.6,0.47100000000000003,0.8,1.7,0.47600000000000003,1.4,2.9,0.469,0.5589999999999999,0.4,0.4,0.905,0.2,0.9,1.1,1.3,0.3,0.1,1.0,0.7,5.6
154,Joel Freeland,C,26,POR,52,0,14.0,1.5,3.1,0.475,0.0,0.0,0.0,1.5,3.1,0.48100000000000004,0.475,0.4,0.6,0.69,1.7,2.3,4.0,0.7,0.2,0.4,0.6,1.8,3.3
155,Channing Frye,PF,30,PHO,82,82,28.2,4.1,9.5,0.43200000000000005,2.0,5.3,0.37,2.1,4.2,0.509,0.535,1.0,1.2,0.821,0.9,4.2,5.1,1.2,0.7,0.8,1.1,3.0,11.1
156,Francisco García,SF,32,HOU,55,4,19.7,2.1,5.3,0.401,1.3,3.5,0.358,0.9,1.8,0.485,0.519,0.2,0.3,0.526,0.4,1.8,2.2,1.1,0.5,0.6,0.5,2.2,5.7
157,Kevin Garnett,C,37,BRK,54,54,20.5,2.9,6.6,0.441,0.0,0.1,0.0,2.9,6.5,0.445,0.441,0.7,0.9,0.809,1.1,5.5,6.6,1.5,0.8,0.7,1.3,2.3,6.5
158,Diante Garrett,PG,25,UTA,71,0,14.8,1.4,3.7,0.381,0.5,1.4,0.375,0.9,2.4,0.385,0.449,0.1,0.2,0.833,0.2,1.2,1.4,1.7,0.6,0.1,1.1,1.1,3.5
159,Marc Gasol,C,29,MEM,59,59,33.4,5.7,12.1,0.473,0.0,0.2,0.182,5.7,11.9,0.47700000000000004,0.474,3.1,4.1,0.768,1.4,5.8,7.2,3.6,1.0,1.3,1.9,2.5,14.6
160,Pau Gasol,C,33,LAL,60,60,31.4,7.1,14.8,0.48,0.1,0.2,0.28600000000000003,7.0,14.5,0.483,0.48200000000000004,3.1,4.2,0.736,2.1,7.6,9.7,3.4,0.5,1.5,2.4,2.1,17.4
161,Rudy Gay,SF,27,TOT,73,73,34.7,7.4,16.2,0.455,0.9,2.7,0.33,6.5,13.5,0.48100000000000004,0.483,4.4,5.3,0.8220000000000001,1.5,4.4,6.0,2.9,1.3,0.8,3.1,2.3,20.0
162,Alonzo Gee,SF,26,CLE,65,24,15.7,1.5,3.6,0.415,0.3,0.9,0.32799999999999996,1.2,2.7,0.444,0.456,0.7,0.9,0.705,0.5,1.8,2.3,0.7,0.6,0.2,0.7,1.5,4.0
163,Paul George,SF,23,IND,80,80,36.2,7.2,17.0,0.424,2.3,6.3,0.364,4.9,10.8,0.45799999999999996,0.49,5.0,5.8,0.8640000000000001,0.8,6.0,6.8,3.5,1.9,0.3,2.8,2.5,21.7
164,Taj Gibson,PF,28,CHI,82,8,28.7,5.2,10.9,0.479,0.0,0.1,0.0,5.2,10.8,0.483,0.479,2.6,3.4,0.7509999999999999,2.4,4.4,6.8,1.1,0.5,1.4,1.8,2.5,13.0
165,Manu Ginóbili,SG,36,SAS,68,3,22.8,4.3,9.2,0.469,1.3,3.8,0.349,3.0,5.4,0.5529999999999999,0.541,2.4,2.8,0.851,0.4,2.5,3.0,4.3,1.0,0.3,2.0,1.9,12.3
166,Rudy Gobert,C,21,UTA,45,0,9.6,0.8,1.6,0.486,0.0,0.0,,0.8,1.6,0.486,0.486,0.7,1.4,0.49200000000000005,1.1,2.3,3.4,0.2,0.2,0.9,0.7,1.3,2.3
167,Ryan Gomes,SF,31,OKC,5,0,6.8,0.6,1.6,0.375,0.0,0.4,0.0,0.6,1.2,0.5,0.375,0.0,0.0,,0.0,0.8,0.8,0.2,0.0,0.0,0.2,1.0,1.2
168,Drew Gooden,C,32,WAS,22,0,18.0,3.5,6.5,0.531,0.3,0.8,0.41200000000000003,3.1,5.7,0.5479999999999999,0.556,1.1,1.2,0.889,1.7,3.5,5.2,0.7,0.5,0.3,0.8,2.4,8.3
169,Archie Goodwin,SG,19,PHO,52,0,10.3,1.5,3.2,0.455,0.1,0.7,0.139,1.4,2.5,0.542,0.47,0.7,1.1,0.6729999999999999,0.5,1.2,1.7,0.4,0.4,0.2,0.8,0.9,3.7
170,Ben Gordon,SG,30,CHA,19,0,14.7,1.9,5.7,0.34299999999999997,0.4,1.5,0.276,1.5,4.2,0.36700000000000005,0.38,0.9,1.1,0.81,0.2,1.3,1.4,1.1,0.5,0.1,1.1,0.9,5.2
171,Eric Gordon,SG,25,NOP,64,64,32.1,5.6,12.8,0.436,1.6,4.0,0.391,4.0,8.7,0.456,0.498,2.7,3.5,0.785,0.5,2.1,2.6,3.3,1.2,0.2,2.1,1.8,15.4
172,Marcin Gortat,C,29,WAS,81,80,32.8,5.6,10.4,0.542,0.0,0.0,1.0,5.6,10.4,0.541,0.542,1.9,2.8,0.6859999999999999,2.5,7.0,9.5,1.7,0.5,1.5,1.6,2.5,13.2
173,Danny Granger,SF,30,TOT,41,2,20.7,2.8,7.5,0.37799999999999995,1.0,3.1,0.336,1.8,4.4,0.408,0.44799999999999995,1.5,1.6,0.94,0.8,2.5,3.2,1.0,0.3,0.4,1.1,1.5,8.2
174,Aaron Gray,C,29,TOT,37,6,9.6,0.7,1.6,0.44299999999999995,0.0,0.0,0.0,0.7,1.6,0.45,0.44299999999999995,0.3,0.5,0.55,1.1,1.9,3.0,0.6,0.3,0.2,0.8,1.7,1.8
175,Danny Green,SG,26,SAS,68,59,24.3,3.2,7.4,0.43200000000000005,1.9,4.7,0.415,1.3,2.8,0.46,0.562,0.7,0.9,0.794,0.4,3.0,3.4,1.5,1.0,0.9,1.1,1.6,9.1
176,Draymond Green,SF,23,GSW,82,12,21.9,2.3,5.6,0.40700000000000003,0.7,2.0,0.33299999999999996,1.6,3.6,0.449,0.467,1.0,1.5,0.667,1.0,3.9,5.0,1.9,1.2,0.9,1.1,2.8,6.2
177,Gerald Green,SG,28,PHO,82,48,28.4,5.5,12.3,0.445,2.5,6.2,0.4,3.0,6.0,0.49200000000000005,0.547,2.4,2.8,0.848,0.6,2.8,3.4,1.5,0.9,0.5,1.8,2.7,15.8
178,Jeff Green,SF,27,BOS,82,82,34.2,5.9,14.3,0.41200000000000003,1.6,4.8,0.341,4.2,9.5,0.44799999999999995,0.469,3.5,4.3,0.795,0.7,4.0,4.6,1.7,0.7,0.6,2.0,2.2,16.9
179,Willie Green,SG,32,LAC,55,9,15.8,1.9,4.9,0.376,0.7,2.2,0.33899999999999997,1.1,2.7,0.40700000000000003,0.452,0.5,0.6,0.8240000000000001,0.2,1.2,1.4,0.9,0.4,0.2,0.6,1.7,5.0
180,Blake Griffin,PF,24,LAC,80,80,35.8,9.0,17.0,0.528,0.2,0.6,0.273,8.8,16.4,0.537,0.5329999999999999,6.0,8.4,0.715,2.4,7.1,9.5,3.9,1.2,0.6,2.8,3.3,24.1
181,Jorge Gutiérrez,PG,25,BRK,15,2,16.3,1.7,3.6,0.46299999999999997,0.2,0.8,0.25,1.5,2.8,0.524,0.491,0.6,0.8,0.75,0.2,1.3,1.5,2.0,0.7,0.1,0.9,2.5,4.1
182,Jordan Hamilton,SF,23,TOT,60,12,17.0,2.5,6.3,0.391,1.2,3.3,0.354,1.3,3.0,0.433,0.484,0.7,0.9,0.784,0.5,2.7,3.2,0.9,0.7,0.3,0.8,1.1,6.7
183,Justin Hamilton,C,23,TOT,8,0,9.0,1.1,2.5,0.45,0.4,1.1,0.33299999999999996,0.8,1.4,0.545,0.525,0.6,0.6,1.0,0.5,0.4,0.9,0.0,0.6,0.0,0.5,1.0,3.3
184,Tyler Hansbrough,PF,28,TOR,64,4,15.3,1.5,3.1,0.474,0.0,0.0,0.0,1.5,3.0,0.479,0.474,2.0,2.9,0.6809999999999999,1.9,2.6,4.5,0.3,0.4,0.3,0.7,2.1,4.9
185,Tim Hardaway Jr.,SG,21,NYK,81,1,23.1,3.6,8.5,0.428,1.6,4.4,0.363,2.0,4.1,0.498,0.523,1.3,1.6,0.828,0.2,1.3,1.5,0.8,0.5,0.1,0.6,1.8,10.2
186,James Harden,SG,24,HOU,73,73,38.0,7.5,16.5,0.456,2.4,6.6,0.366,5.1,9.9,0.515,0.529,7.9,9.1,0.866,0.8,3.9,4.7,6.1,1.6,0.4,3.6,2.4,25.4
187,Maurice Harkless,SF,20,ORL,80,41,24.4,2.8,6.0,0.46399999999999997,0.7,1.9,0.38299999999999995,2.1,4.1,0.502,0.525,1.1,1.8,0.594,0.9,2.4,3.3,1.0,1.2,0.6,1.1,1.8,7.4
188,Josh Harrellson,C,24,DET,32,0,9.9,1.2,2.6,0.46299999999999997,0.4,1.0,0.387,0.8,1.6,0.51,0.537,0.2,0.2,0.7140000000000001,0.9,1.4,2.4,0.5,0.2,0.5,0.3,1.4,2.9
189,Al Harrington,PF,33,WAS,34,0,15.0,2.4,6.1,0.396,1.0,2.9,0.34,1.4,3.1,0.449,0.478,0.8,1.0,0.7709999999999999,0.4,1.9,2.4,0.8,0.4,0.0,1.0,2.1,6.6
190,Devin Harris,PG,30,DAL,40,0,20.5,2.4,6.4,0.37799999999999995,0.8,2.5,0.307,1.6,3.8,0.425,0.439,2.3,2.9,0.8,0.2,1.9,2.1,4.5,0.7,0.1,1.5,1.8,7.9
191,Elias Harris,SF,24,LAL,2,0,5.5,0.0,0.5,0.0,0.0,0.0,,0.0,0.5,0.0,0.0,0.0,0.0,,0.5,0.0,0.5,0.5,0.5,0.0,0.0,0.0,0.0
192,Manny Harris,SG,24,LAL,9,0,20.0,3.1,7.8,0.4,0.8,2.2,0.35,2.3,5.6,0.42,0.45,1.1,1.3,0.833,0.8,3.0,3.8,1.2,0.4,0.1,1.0,1.1,8.1
193,Mike Harris,PF,30,UTA,20,0,11.3,1.5,3.1,0.475,0.0,0.1,0.0,1.5,3.0,0.49200000000000005,0.475,1.3,1.4,0.963,0.8,0.9,1.7,0.3,0.8,0.4,0.6,1.8,4.2
194,Tobias Harris,PF,21,ORL,61,36,30.3,5.4,11.7,0.46399999999999997,0.5,2.1,0.254,4.9,9.7,0.508,0.486,3.2,4.0,0.807,1.4,5.5,7.0,1.3,0.7,0.4,1.3,2.3,14.6
195,Udonis Haslem,PF,33,MIA,46,18,14.2,1.6,3.2,0.507,0.0,0.0,,1.6,3.2,0.507,0.507,0.5,1.0,0.568,0.9,2.9,3.8,0.3,0.2,0.3,0.5,1.7,3.8
196,Spencer Hawes,C,25,TOT,80,78,30.9,5.0,11.0,0.456,1.6,3.9,0.41600000000000004,3.4,7.2,0.478,0.529,1.5,1.9,0.7829999999999999,1.6,6.6,8.3,3.0,0.6,1.2,2.2,3.0,13.2
197,Chuck Hayes,C,30,TOT,61,1,12.4,0.9,2.1,0.431,0.0,0.0,0.0,0.9,2.1,0.434,0.431,0.3,0.4,0.8,1.1,2.3,3.4,0.6,0.6,0.2,0.5,1.6,2.2
198,Gordon Hayward,SF,23,UTA,77,77,36.4,5.5,13.4,0.413,1.1,3.6,0.304,4.4,9.8,0.45299999999999996,0.45399999999999996,4.0,4.9,0.816,0.8,4.3,5.1,5.2,1.4,0.5,2.8,2.0,16.2
199,Gerald Henderson,SG,26,CHA,77,77,32.0,5.2,12.1,0.433,0.5,1.5,0.348,4.7,10.6,0.445,0.455,3.1,4.0,0.7609999999999999,0.4,3.6,4.0,2.6,0.7,0.4,1.5,2.1,14.0
200,Xavier Henry,SF,22,LAL,43,5,21.1,3.3,8.0,0.41700000000000004,0.7,1.9,0.34600000000000003,2.7,6.1,0.439,0.45799999999999996,2.7,4.1,0.655,0.6,2.1,2.7,1.2,1.0,0.2,1.3,1.8,10.0
201,John Henson,PF,23,MIL,70,23,26.5,4.9,9.1,0.5379999999999999,0.0,0.0,0.0,4.9,9.1,0.539,0.5379999999999999,1.3,2.5,0.514,2.4,4.7,7.1,1.6,0.6,1.7,1.6,2.6,11.1
202,Roy Hibbert,C,27,IND,81,81,29.7,4.1,9.3,0.439,0.0,0.1,0.4,4.1,9.2,0.439,0.44,2.6,3.3,0.77,2.5,4.1,6.6,1.1,0.4,2.2,1.8,3.3,10.8
203,J.J. Hickson,PF,25,DEN,69,52,26.9,4.8,9.5,0.508,0.0,0.1,0.0,4.8,9.4,0.514,0.508,2.2,4.2,0.517,3.0,6.2,9.2,1.4,0.7,0.7,1.9,2.6,11.8
204,Nenê,PF,31,WAS,53,37,29.4,5.6,11.2,0.503,0.0,0.1,0.2,5.6,11.1,0.506,0.504,2.9,5.0,0.583,1.2,4.3,5.5,2.9,1.2,0.9,2.2,3.1,14.2
205,George Hill,PG,27,IND,76,76,32.0,3.6,8.1,0.442,1.3,3.4,0.365,2.3,4.7,0.49700000000000005,0.519,1.9,2.3,0.807,0.7,3.0,3.7,3.5,1.0,0.3,1.2,2.1,10.3
206,Jordan Hill,PF,26,LAL,72,32,20.8,4.0,7.2,0.5489999999999999,0.0,0.0,0.0,4.0,7.2,0.55,0.5489999999999999,1.7,2.5,0.685,2.7,4.7,7.4,0.8,0.4,0.9,1.0,2.4,9.7
207,Solomon Hill,SF,22,IND,28,0,8.1,0.6,1.4,0.425,0.3,0.8,0.304,0.4,0.6,0.588,0.513,0.2,0.3,0.857,0.3,1.1,1.5,0.4,0.2,0.1,0.5,0.7,1.7
208,Kirk Hinrich,PG,33,CHI,73,61,29.0,3.3,8.5,0.39299999999999996,1.2,3.3,0.35100000000000003,2.2,5.2,0.419,0.461,1.3,1.7,0.76,0.4,2.2,2.6,3.9,1.1,0.4,1.6,2.8,9.1
209,Jrue Holiday,PG,23,NOP,34,34,33.6,6.0,13.4,0.447,0.9,2.3,0.39,5.1,11.1,0.45899999999999996,0.48,1.5,1.9,0.81,0.8,3.4,4.2,7.9,1.6,0.4,3.1,2.7,14.3
210,Ryan Hollins,PF,29,LAC,61,0,7.9,0.9,1.2,0.736,0.0,0.0,,0.9,1.2,0.736,0.736,0.6,0.9,0.625,0.5,1.0,1.5,0.1,0.1,0.5,0.5,1.4,2.3
211,Scotty Hopson,SG,24,CLE,2,0,3.5,0.0,2.0,0.0,0.0,1.0,0.0,0.0,1.0,0.0,0.0,0.5,1.0,0.5,0.0,0.0,0.0,0.5,0.5,0.0,0.0,0.0,0.5
212,Al Horford,C,27,ATL,29,29,33.0,8.2,14.5,0.5670000000000001,0.1,0.4,0.364,8.1,14.1,0.5720000000000001,0.5710000000000001,2.0,2.9,0.682,2.3,6.1,8.4,2.6,0.9,1.5,2.2,1.9,18.6
213,Dwight Howard,C,28,HOU,71,71,33.7,6.7,11.3,0.591,0.0,0.1,0.28600000000000003,6.6,11.2,0.594,0.593,4.9,9.0,0.547,3.3,8.9,12.2,1.8,0.8,1.8,3.2,3.4,18.3
214,Robbie Hummel,SF,24,MIN,53,5,12.4,1.3,3.3,0.379,0.6,1.7,0.36,0.7,1.7,0.39799999999999996,0.469,0.3,0.3,0.938,0.7,1.8,2.5,0.4,0.3,0.0,0.2,1.1,3.4
215,Kris Humphries,PF,28,BOS,69,30,19.9,3.3,6.7,0.501,0.0,0.0,0.0,3.3,6.7,0.503,0.501,1.7,2.1,0.813,1.8,4.1,5.9,1.0,0.4,0.9,0.9,2.0,8.4
216,Serge Ibaka,PF,24,OKC,81,81,32.9,6.5,12.1,0.536,0.3,0.7,0.38299999999999995,6.2,11.3,0.546,0.5479999999999999,1.9,2.5,0.784,2.8,6.0,8.8,1.0,0.5,2.7,1.5,2.9,15.1
217,Andre Iguodala,SF,30,GSW,63,63,32.4,3.5,7.3,0.48,1.0,2.8,0.354,2.5,4.5,0.5579999999999999,0.5479999999999999,1.4,2.1,0.652,0.8,3.8,4.7,4.2,1.5,0.3,1.6,1.6,9.3
218,Ersan İlyasova,PF,26,MIL,55,47,26.9,4.3,10.5,0.409,0.7,2.4,0.282,3.6,8.1,0.446,0.441,1.9,2.4,0.823,1.9,4.3,6.2,1.3,0.8,0.1,1.1,2.5,11.2
219,Kyrie Irving,PG,21,CLE,71,71,35.2,7.5,17.4,0.43,1.7,4.8,0.358,5.8,12.6,0.45799999999999996,0.48,4.1,4.8,0.861,0.7,2.9,3.6,6.1,1.5,0.3,2.7,2.3,20.8
220,Royal Ivey,SG,32,OKC,2,0,2.5,0.0,1.0,0.0,0.0,0.5,0.0,0.0,0.5,0.0,0.0,0.0,0.0,,0.0,0.5,0.5,0.0,0.0,0.0,0.0,0.5,0.0
221,Jarrett Jack,PG,30,CLE,80,31,28.2,3.6,8.7,0.41,0.8,2.3,0.341,2.8,6.4,0.435,0.455,1.6,1.9,0.8390000000000001,0.3,2.5,2.8,4.1,0.7,0.3,1.7,1.7,9.5
222,Reggie Jackson,PG,23,OKC,80,36,28.5,5.0,11.5,0.44,1.0,3.1,0.33899999999999997,4.0,8.4,0.47700000000000004,0.485,2.0,2.2,0.893,0.5,3.4,3.9,4.1,1.1,0.1,2.1,1.8,13.1
223,Stephen Jackson,SF,35,LAC,9,0,11.9,0.7,2.9,0.231,0.1,1.6,0.071,0.6,1.3,0.41700000000000004,0.25,0.2,0.4,0.5,0.2,0.9,1.1,0.6,0.7,0.1,0.7,1.2,1.7
224,Bernard James,C,28,DAL,30,0,4.9,0.4,0.8,0.478,0.0,0.0,0.0,0.4,0.7,0.5,0.478,0.2,0.4,0.545,0.5,0.9,1.4,0.1,0.1,0.3,0.3,0.8,0.9
225,Damion James,SF,26,SAS,5,1,10.0,0.4,1.8,0.222,0.0,0.4,0.0,0.4,1.4,0.28600000000000003,0.222,0.4,0.4,1.0,0.2,2.2,2.4,0.6,0.0,0.2,0.2,0.6,1.2
226,LeBron James,PF,29,MIA,77,77,37.7,10.0,17.6,0.5670000000000001,1.5,4.0,0.379,8.5,13.6,0.622,0.61,5.7,7.6,0.75,1.1,5.9,6.9,6.3,1.6,0.3,3.5,1.6,27.1
227,Mike James,PG,38,CHI,11,0,7.0,0.5,1.9,0.23800000000000002,0.1,0.5,0.2,0.4,1.5,0.25,0.262,0.0,0.2,0.0,0.0,0.6,0.6,1.5,0.2,0.0,0.5,1.0,1.0
228,Antawn Jamison,PF,37,LAC,22,0,11.3,1.3,4.2,0.315,0.4,1.9,0.195,1.0,2.3,0.41200000000000003,0.359,0.8,1.1,0.72,0.4,2.1,2.5,0.3,0.4,0.1,0.3,1.3,3.8
229,Othyus Jeffers,SG,28,TOT,6,1,7.8,0.5,1.0,0.5,0.0,0.3,0.0,0.5,0.7,0.75,0.5,0.5,0.7,0.75,0.2,1.3,1.5,0.2,0.0,0.0,0.2,0.5,1.5
230,Al Jefferson,C,29,CHA,73,73,35.0,9.6,18.8,0.509,0.0,0.2,0.2,9.5,18.6,0.512,0.51,2.6,3.8,0.69,2.1,8.7,10.8,2.1,0.9,1.1,1.7,2.4,21.8
231,Richard Jefferson,SF,33,UTA,82,78,27.0,3.6,8.0,0.45,1.5,3.7,0.409,2.1,4.3,0.484,0.544,1.5,2.0,0.741,0.2,2.5,2.7,1.6,0.7,0.2,1.1,2.0,10.1
232,John Jenkins,SG,22,ATL,13,0,12.2,1.2,3.2,0.381,0.3,1.4,0.222,0.9,1.8,0.5,0.429,0.3,0.3,1.0,0.2,1.5,1.7,0.8,0.1,0.1,0.8,0.8,3.1
233,Brandon Jennings,PG,24,DET,80,79,34.1,5.3,14.2,0.373,1.9,5.7,0.337,3.4,8.5,0.397,0.441,3.0,4.0,0.7509999999999999,0.7,2.3,3.1,7.6,1.3,0.1,2.7,2.0,15.5
234,Jonas Jerebko,PF,26,DET,64,0,11.6,1.5,3.3,0.47100000000000003,0.5,1.2,0.419,1.0,2.1,0.5,0.546,0.7,0.9,0.7290000000000001,0.8,1.9,2.7,0.6,0.3,0.1,0.7,1.3,4.2
235,Amir Johnson,PF,26,TOR,77,72,28.8,4.5,7.9,0.562,0.3,0.9,0.303,4.2,7.1,0.593,0.578,1.2,1.9,0.636,2.2,4.3,6.6,1.5,0.7,1.1,1.6,3.5,10.4
236,Chris Johnson,SF,23,BOS,40,0,19.7,2.1,5.4,0.397,1.1,3.2,0.33899999999999997,1.1,2.2,0.483,0.498,0.9,1.1,0.86,0.8,1.7,2.4,0.8,0.7,0.1,0.6,1.6,6.3
237,James Johnson,SF,26,MEM,52,4,18.4,2.8,5.9,0.46399999999999997,0.4,1.7,0.253,2.3,4.3,0.5479999999999999,0.5,1.5,1.7,0.8440000000000001,1.2,2.0,3.2,2.1,0.8,1.1,1.3,2.0,7.4
238,Joe Johnson,SG,32,BRK,79,79,32.6,5.8,12.9,0.45399999999999996,2.1,5.1,0.401,3.8,7.8,0.489,0.5329999999999999,2.0,2.5,0.815,0.6,2.8,3.4,2.7,0.6,0.1,1.5,1.6,15.8
239,Orlando Johnson,SG,24,TOT,45,0,8.7,0.8,2.5,0.319,0.2,1.0,0.191,0.6,1.5,0.409,0.358,0.4,0.6,0.731,0.2,1.0,1.2,0.4,0.1,0.0,0.3,0.6,2.2
240,Wesley Johnson,SF,26,LAL,79,62,28.4,3.5,8.2,0.425,1.3,3.4,0.369,2.2,4.8,0.466,0.502,0.8,1.0,0.792,0.9,3.5,4.4,1.6,1.1,1.0,1.1,2.6,9.1
241,Darius Johnson-Odom,SG,24,PHI,3,0,5.0,0.0,2.3,0.0,0.0,1.0,0.0,0.0,1.3,0.0,0.0,0.0,0.7,0.0,0.0,0.7,0.7,0.3,0.3,0.0,0.7,1.0,0.0
242,James Jones,SF,33,MIA,20,6,11.8,1.6,3.4,0.456,1.4,2.7,0.519,0.2,0.7,0.214,0.662,0.4,0.6,0.636,0.1,1.1,1.2,0.5,0.2,0.2,0.2,0.3,4.9
243,Perry Jones,PF,22,OKC,62,7,12.3,1.3,2.9,0.45899999999999996,0.4,1.0,0.361,1.0,1.9,0.508,0.519,0.5,0.7,0.667,0.5,1.4,1.8,0.4,0.2,0.3,0.3,1.0,3.5
244,Solomon Jones,PF,29,ORL,11,0,7.7,0.5,1.5,0.353,0.0,0.0,,0.5,1.5,0.353,0.353,0.2,0.4,0.5,0.7,0.7,1.5,0.2,0.2,0.2,0.2,1.1,1.3
245,Terrence Jones,PF,22,HOU,76,71,27.3,5.1,9.4,0.542,0.4,1.3,0.307,4.7,8.0,0.581,0.564,1.6,2.6,0.605,2.1,4.8,6.9,1.1,0.7,1.3,0.9,1.8,12.1
246,DeAndre Jordan,C,25,LAC,82,82,35.0,4.2,6.3,0.6759999999999999,0.0,0.0,,4.2,6.3,0.6759999999999999,0.6759999999999999,2.0,4.6,0.428,4.0,9.5,13.6,0.9,1.0,2.5,1.5,3.2,10.4
247,Cory Joseph,SG,22,SAS,68,19,13.8,1.9,3.9,0.475,0.2,0.6,0.316,1.7,3.3,0.502,0.498,1.2,1.4,0.823,0.5,1.1,1.6,1.7,0.5,0.2,0.6,1.2,5.0
248,Chris Kaman,C,31,LAL,39,13,18.9,4.5,8.9,0.509,0.0,0.1,0.0,4.5,8.8,0.513,0.509,1.3,1.7,0.765,1.4,4.5,5.9,1.5,0.3,1.0,1.9,2.4,10.4
249,Enes Kanter,C,21,UTA,80,37,26.7,5.2,10.7,0.491,0.0,0.0,0.0,5.2,10.7,0.49200000000000005,0.491,1.9,2.6,0.73,2.8,4.7,7.5,0.9,0.4,0.5,1.8,2.9,12.3
250,Sergey Karasev,SF,20,CLE,22,1,7.1,0.5,1.6,0.34299999999999997,0.2,0.9,0.21100000000000002,0.4,0.7,0.5,0.4,0.4,0.5,0.9,0.0,0.7,0.7,0.3,0.1,0.0,0.5,1.0,1.7
251,Ryan Kelly,PF,22,LAL,59,25,22.2,2.7,6.3,0.423,0.8,2.4,0.33799999999999997,1.8,3.9,0.47600000000000003,0.488,1.9,2.3,0.815,0.7,3.0,3.7,1.6,0.5,0.8,0.8,2.5,8.0
252,Michael Kidd-Gilchrist,SF,20,CHA,62,62,24.2,2.7,5.7,0.473,0.0,0.1,0.111,2.7,5.5,0.483,0.475,1.8,3.0,0.614,1.8,3.5,5.2,0.8,0.7,0.6,1.0,2.3,7.2
253,Andrei Kirilenko,PF,32,BRK,45,4,19.0,1.8,3.6,0.513,0.0,0.1,0.2,1.8,3.4,0.523,0.516,1.4,2.6,0.513,1.2,2.0,3.2,1.6,0.9,0.4,1.2,1.4,5.0
254,Brandon Knight,PG,22,MIL,72,69,33.3,6.4,15.2,0.42200000000000004,1.5,4.7,0.325,4.9,10.5,0.466,0.473,3.6,4.5,0.802,0.6,2.9,3.5,4.9,1.0,0.2,2.6,2.0,17.9
255,Kyle Korver,SG,32,ATL,71,71,33.9,4.1,8.6,0.475,2.6,5.5,0.47200000000000003,1.5,3.1,0.479,0.626,1.2,1.3,0.9259999999999999,0.3,3.7,4.0,2.9,1.0,0.3,1.4,2.1,12.0
256,Kosta Koufos,C,24,MEM,80,22,16.9,2.8,5.7,0.495,0.0,0.0,,2.8,5.7,0.495,0.495,0.8,1.2,0.645,2.0,3.2,5.2,0.5,0.4,0.9,0.8,2.3,6.4
257,Viacheslav Kravtsov,C,26,PHO,20,0,3.0,0.4,0.8,0.5329999999999999,0.0,0.0,,0.4,0.8,0.5329999999999999,0.5329999999999999,0.2,0.4,0.5,0.5,0.4,0.9,0.1,0.0,0.1,0.3,0.4,1.0
258,Ognjen Kuzmić,C,23,GSW,21,0,4.4,0.2,0.6,0.385,0.0,0.0,,0.2,0.6,0.385,0.385,0.2,0.5,0.455,0.5,0.5,1.0,0.1,0.1,0.2,0.5,0.8,0.7
259,Doron Lamb,SG,22,ORL,53,0,13.1,1.2,3.0,0.39399999999999996,0.7,1.7,0.4,0.5,1.3,0.386,0.506,0.5,0.7,0.8059999999999999,0.2,0.8,0.9,0.8,0.2,0.0,0.5,1.0,3.6
260,Jeremy Lamb,SG,21,OKC,78,0,19.7,3.4,7.8,0.43200000000000005,1.1,3.2,0.35600000000000004,2.2,4.6,0.483,0.504,0.7,0.8,0.797,0.3,2.1,2.4,1.5,0.7,0.3,0.8,1.8,8.5
261,Carl Landry,PF,30,SAC,18,1,12.9,1.7,3.3,0.517,0.0,0.0,,1.7,3.3,0.517,0.517,0.8,0.9,0.8240000000000001,0.8,2.3,3.2,0.3,0.2,0.1,0.5,1.9,4.2
262,Shane Larkin,PG,21,DAL,48,0,10.2,1.1,2.9,0.38,0.3,0.8,0.316,0.8,2.1,0.40399999999999997,0.423,0.3,0.5,0.64,0.2,0.6,0.9,1.5,0.5,0.0,0.8,1.0,2.8
263,Ty Lawson,PG,26,DEN,62,61,35.8,5.6,13.0,0.431,1.2,3.3,0.35600000000000004,4.4,9.7,0.455,0.475,5.2,6.5,0.7979999999999999,0.6,2.8,3.5,8.8,1.6,0.2,3.2,1.8,17.6
264,Ricky Ledo,SG,21,DAL,11,0,3.0,0.5,1.5,0.353,0.3,0.7,0.375,0.3,0.8,0.33299999999999996,0.441,0.4,0.4,1.0,0.0,0.2,0.2,0.2,0.1,0.0,0.2,0.2,1.7
265,Courtney Lee,SG,28,TOT,79,47,25.0,3.7,7.8,0.48,0.9,2.5,0.371,2.8,5.3,0.531,0.539,1.3,1.4,0.884,0.4,2.0,2.4,1.5,0.8,0.4,0.9,1.6,9.6
266,David Lee,PF,30,GSW,69,67,33.2,7.4,14.2,0.523,0.0,0.0,0.0,7.4,14.2,0.523,0.523,3.3,4.3,0.78,2.6,6.7,9.3,2.1,0.7,0.4,2.2,3.0,18.2
267,Alex Len,C,20,PHO,42,3,8.6,0.8,1.9,0.423,0.0,0.0,,0.8,1.9,0.423,0.423,0.5,0.7,0.645,0.9,1.4,2.4,0.1,0.1,0.4,0.6,1.6,2.0
268,Kawhi Leonard,SF,22,SAS,66,65,29.1,5.1,9.8,0.522,1.0,2.8,0.379,4.1,7.0,0.579,0.5760000000000001,1.5,1.9,0.802,1.2,5.1,6.2,2.0,1.7,0.8,1.2,1.9,12.8
269,Meyers Leonard,C,21,POR,40,0,8.9,1.0,2.3,0.451,0.0,0.2,0.0,1.0,2.1,0.48200000000000004,0.451,0.4,0.5,0.762,0.7,2.1,2.8,0.5,0.2,0.1,0.4,1.9,2.5
270,Jon Leuer,PF,24,MEM,49,0,13.1,2.5,5.0,0.49200000000000005,0.5,1.0,0.469,2.0,4.0,0.49700000000000005,0.539,0.8,1.0,0.787,0.8,2.5,3.2,0.4,0.4,0.3,0.6,1.3,6.2
271,Rashard Lewis,SF,34,MIA,60,6,16.2,1.6,3.9,0.415,0.8,2.2,0.34299999999999997,0.9,1.7,0.51,0.513,0.4,0.6,0.7879999999999999,0.4,1.4,1.8,1.0,0.9,0.1,0.6,1.5,4.5
272,DeAndre Liggins,SG,25,MIA,1,0,1.0,1.0,1.0,1.0,0.0,0.0,,1.0,1.0,1.0,1.0,0.0,0.0,,1.0,0.0,1.0,0.0,0.0,0.0,0.0,0.0,2.0
273,Damian Lillard,PG,23,POR,82,82,35.8,6.7,15.9,0.424,2.7,6.8,0.39399999999999996,4.1,9.1,0.447,0.508,4.5,5.2,0.871,0.4,3.1,3.5,5.6,0.8,0.3,2.4,2.4,20.7
274,Jeremy Lin,PG,25,HOU,71,33,28.9,4.2,9.3,0.446,1.2,3.2,0.358,3.0,6.1,0.49200000000000005,0.508,3.1,3.7,0.823,0.5,2.2,2.6,4.1,1.0,0.4,2.5,2.3,12.5
275,Shaun Livingston,PG,28,BRK,76,54,26.0,3.1,6.4,0.483,0.0,0.1,0.16699999999999998,3.1,6.3,0.486,0.484,2.1,2.5,0.8270000000000001,0.9,2.4,3.2,3.2,1.2,0.4,1.4,2.3,8.3
276,Brook Lopez,C,25,BRK,17,17,31.4,7.6,13.5,0.563,0.0,0.1,0.0,7.6,13.4,0.5660000000000001,0.563,5.5,6.8,0.8170000000000001,2.3,3.7,6.0,0.9,0.5,1.8,1.6,3.1,20.7
277,Robin Lopez,C,25,POR,82,82,31.7,4.3,7.9,0.551,0.0,0.0,0.0,4.3,7.8,0.552,0.551,2.4,3.0,0.818,4.0,4.6,8.5,0.9,0.3,1.7,1.0,2.4,11.1
278,Kevin Love,PF,25,MIN,77,77,36.3,8.4,18.5,0.457,2.5,6.6,0.376,6.0,11.9,0.502,0.524,6.8,8.2,0.821,2.9,9.6,12.5,4.4,0.8,0.5,2.5,1.8,26.1
279,Kyle Lowry,PG,27,TOR,79,79,36.2,5.8,13.7,0.423,2.4,6.3,0.38,3.4,7.3,0.46,0.511,4.0,4.9,0.813,1.1,3.6,4.7,7.4,1.5,0.2,2.5,3.4,17.9
280,John Lucas III,PG,31,UTA,42,6,14.1,1.5,4.5,0.326,0.6,2.0,0.298,0.9,2.5,0.349,0.392,0.2,0.4,0.625,0.3,0.6,0.9,1.0,0.3,0.0,0.5,1.0,3.8
281,Shelvin Mack,PG,23,ATL,73,11,20.4,2.9,6.9,0.41700000000000004,0.8,2.5,0.337,2.0,4.3,0.46399999999999997,0.479,0.9,1.0,0.865,0.3,1.9,2.2,3.7,0.7,0.0,1.2,1.4,7.5
282,Ian Mahinmi,C,27,IND,77,1,16.2,1.2,2.5,0.48100000000000004,0.0,0.0,0.0,1.2,2.4,0.484,0.48100000000000004,1.2,1.9,0.621,1.4,1.9,3.3,0.3,0.5,0.9,0.8,2.7,3.5
283,Shawn Marion,SF,35,DAL,76,76,31.7,4.5,9.3,0.48200000000000004,0.8,2.1,0.358,3.7,7.2,0.518,0.523,0.7,0.9,0.785,1.7,4.8,6.5,1.6,1.2,0.5,1.3,1.6,10.4
284,Kendall Marshall,PG,22,LAL,54,45,29.0,3.1,7.8,0.406,1.3,3.3,0.39899999999999997,1.8,4.5,0.41100000000000003,0.49,0.4,0.7,0.528,0.3,2.6,2.9,8.8,0.9,0.1,2.8,1.4,8.0
285,Cartier Martin,SF,29,TOT,59,6,14.7,1.9,4.5,0.42,1.0,2.6,0.391,0.9,1.9,0.46,0.532,0.8,1.1,0.738,0.2,1.6,1.9,0.6,0.5,0.1,0.6,1.2,5.6
286,Kenyon Martin,PF,36,NYK,32,15,19.8,2.0,3.8,0.512,0.0,0.0,0.0,2.0,3.8,0.516,0.512,0.3,0.6,0.579,1.1,3.1,4.2,1.6,0.8,0.8,0.8,2.7,4.3
287,Kevin Martin,SG,30,MIN,68,68,32.0,6.5,15.0,0.43,1.7,4.4,0.387,4.8,10.7,0.44799999999999995,0.486,4.5,5.0,0.8909999999999999,0.5,2.5,3.0,1.8,1.0,0.1,1.6,1.8,19.1
288,Roger Mason,SG,33,MIA,25,2,10.4,1.0,2.7,0.373,0.7,1.9,0.354,0.3,0.8,0.42100000000000004,0.5,0.3,0.3,1.0,0.0,0.8,0.9,0.8,0.2,0.0,0.4,1.0,3.0
289,Wesley Matthews,SG,27,POR,82,82,33.9,5.4,12.3,0.441,2.5,6.2,0.39299999999999996,3.0,6.1,0.49,0.541,3.1,3.7,0.8370000000000001,0.6,2.9,3.5,2.4,0.9,0.2,1.3,2.1,16.4
290,Jason Maxiell,PF,30,ORL,34,13,14.4,1.4,3.1,0.44799999999999995,0.0,0.0,,1.4,3.1,0.44799999999999995,0.44799999999999995,0.4,0.9,0.484,0.8,1.7,2.5,0.3,0.2,0.6,0.4,1.4,3.2
291,Eric Maynor,PG,26,TOT,31,0,10.5,1.0,3.3,0.317,0.4,1.2,0.324,0.6,2.1,0.313,0.376,0.2,0.4,0.545,0.3,1.0,1.3,1.7,0.3,0.1,0.9,0.5,2.6
292,O.J. Mayo,SG,26,MIL,52,23,25.9,4.3,10.6,0.40700000000000003,1.6,4.4,0.37,2.7,6.2,0.433,0.484,1.5,1.7,0.8640000000000001,0.5,1.9,2.4,2.2,0.5,0.3,1.8,2.1,11.7
293,Luc Mbah a Moute,PF-SF,27,TOT,64,7,15.7,1.4,3.0,0.451,0.1,0.3,0.235,1.3,2.8,0.47200000000000003,0.461,0.7,1.0,0.687,0.9,1.4,2.3,0.6,0.5,0.2,0.6,1.1,3.5
294,Ray McCallum,PG,22,SAC,45,10,19.9,2.5,6.7,0.377,0.5,1.3,0.373,2.0,5.4,0.37799999999999995,0.413,0.7,1.0,0.7440000000000001,0.4,1.4,1.8,2.7,0.5,0.2,0.9,1.5,6.2
295,CJ McCollum,SG,22,POR,38,0,12.5,1.9,4.7,0.41600000000000004,0.8,2.1,0.375,1.2,2.6,0.449,0.5,0.6,0.9,0.6759999999999999,0.2,1.1,1.3,0.7,0.4,0.1,0.9,1.4,5.3
296,JaVale McGee,C,26,DEN,5,5,15.8,3.4,7.6,0.447,0.0,0.0,,3.4,7.6,0.447,0.447,0.2,0.2,1.0,2.0,1.4,3.4,0.4,0.2,1.4,1.6,3.2,7.0
297,Ben McLemore,SG,20,SAC,82,55,26.7,3.1,8.3,0.376,1.2,3.6,0.32,2.0,4.7,0.419,0.446,1.4,1.7,0.804,0.6,2.2,2.9,1.0,0.5,0.2,1.2,2.5,8.8
298,Josh McRoberts,PF,26,CHA,78,78,30.3,3.2,7.3,0.436,1.3,3.7,0.361,1.8,3.5,0.516,0.529,0.8,1.1,0.7290000000000001,1.1,3.7,4.8,4.3,0.7,0.6,1.1,2.4,8.5
299,Jodie Meeks,SG,26,LAL,77,70,33.2,5.4,11.6,0.46299999999999997,2.1,5.2,0.401,3.3,6.3,0.514,0.5539999999999999,2.9,3.4,0.857,0.4,2.1,2.5,1.8,1.4,0.1,1.4,1.5,15.7
300,Gal Mekel,PG,25,DAL,31,1,9.4,1.0,2.8,0.349,0.2,0.6,0.25,0.8,2.1,0.379,0.37799999999999995,0.3,0.4,0.667,0.2,0.7,0.9,2.0,0.1,0.0,1.0,1.0,2.4
301,Khris Middleton,SF,22,MIL,82,64,30.0,4.6,10.4,0.44,1.5,3.5,0.414,3.1,6.9,0.45399999999999996,0.511,1.4,1.7,0.861,0.7,3.0,3.8,2.1,1.0,0.2,1.5,3.0,12.1
302,C.J. Miles,SG,26,CLE,51,34,19.3,3.5,8.0,0.435,1.6,4.1,0.39299999999999996,1.9,3.9,0.48,0.537,1.3,1.5,0.853,0.4,1.7,2.0,1.0,0.9,0.3,0.9,2.0,9.9
303,Andre Miller,SG,37,TOT,58,2,16.9,1.8,4.0,0.45899999999999996,0.2,0.4,0.524,1.6,3.6,0.452,0.483,1.0,1.3,0.779,0.5,1.8,2.2,3.4,0.6,0.2,1.1,1.3,4.9
304,Darius Miller,SF,23,NOP,45,7,16.1,1.6,3.7,0.44,0.6,1.7,0.325,1.1,2.0,0.539,0.515,0.6,0.8,0.8059999999999999,0.2,1.0,1.2,1.0,0.5,0.2,0.5,2.0,4.4
305,Mike Miller,SF,33,MEM,82,4,20.8,2.6,5.4,0.48100000000000004,1.3,2.8,0.45899999999999996,1.3,2.6,0.505,0.602,0.6,0.7,0.821,0.4,2.2,2.5,1.6,0.3,0.1,0.9,1.2,7.1
306,Quincy Miller,PF,21,DEN,52,16,15.2,1.8,4.9,0.36700000000000005,0.6,1.8,0.319,1.2,3.1,0.395,0.426,0.8,1.1,0.7090000000000001,0.7,2.1,2.8,0.5,0.4,0.6,0.9,1.3,4.9
307,Patty Mills,PG,25,SAS,81,2,18.9,3.8,8.2,0.46399999999999997,1.7,3.9,0.425,2.1,4.3,0.5,0.565,0.9,1.0,0.89,0.4,1.7,2.1,1.8,0.8,0.1,0.8,1.4,10.2
308,Paul Millsap,PF,28,ATL,74,73,33.5,6.5,14.1,0.461,1.0,2.9,0.358,5.5,11.3,0.48700000000000004,0.498,3.9,5.3,0.731,2.1,6.4,8.5,3.1,1.7,1.1,2.5,2.8,17.9
309,Tony Mitchell,PF,21,DET,21,0,3.8,0.2,0.6,0.41700000000000004,0.0,0.0,1.0,0.2,0.5,0.364,0.45799999999999996,0.5,0.9,0.579,0.7,0.5,1.2,0.1,0.3,0.1,0.2,0.4,1.0
310,Tony Mitchell,SF,24,MIL,3,0,3.3,1.0,1.7,0.6,0.0,0.3,0.0,1.0,1.3,0.75,0.6,0.0,0.0,,0.3,0.0,0.3,0.3,0.3,0.0,0.0,0.0,2.0
311,Nazr Mohammed,C,36,CHI,80,1,7.0,0.7,1.6,0.429,0.0,0.0,,0.7,1.6,0.429,0.429,0.2,0.4,0.5329999999999999,0.8,1.4,2.2,0.3,0.2,0.4,0.5,1.0,1.6
312,Greg Monroe,PF,23,DET,82,82,32.8,6.1,12.4,0.49700000000000005,0.0,0.0,0.0,6.1,12.4,0.49700000000000005,0.49700000000000005,2.9,4.5,0.657,3.1,6.1,9.3,2.1,1.1,0.6,2.0,2.5,15.2
313,E'Twaun Moore,SG,24,ORL,79,3,19.1,2.5,5.8,0.428,0.7,2.0,0.354,1.7,3.7,0.46799999999999997,0.49,0.7,0.9,0.765,0.4,1.4,1.7,1.4,0.8,0.2,0.7,1.3,6.3
314,Darius Morris,PG,23,TOT,27,0,11.6,1.4,3.6,0.406,0.4,1.4,0.316,1.0,2.1,0.466,0.469,0.6,1.0,0.654,0.3,0.7,1.0,1.6,0.5,0.0,1.0,1.2,4.0
315,Marcus Morris,SF,24,PHO,82,1,22.0,3.5,7.9,0.442,1.2,3.2,0.381,2.3,4.8,0.483,0.518,1.5,1.9,0.7609999999999999,1.0,2.9,3.9,1.1,0.9,0.2,1.2,1.9,9.7
316,Markieff Morris,PF,24,PHO,81,0,26.6,5.1,10.4,0.486,0.4,1.3,0.315,4.7,9.1,0.512,0.507,3.2,4.0,0.792,1.7,4.3,6.0,1.8,0.8,0.6,1.8,2.9,13.8
317,Anthony Morrow,SG,28,NOP,76,9,18.8,3.1,6.8,0.45799999999999996,1.2,2.6,0.451,2.0,4.3,0.462,0.542,0.9,1.1,0.828,0.4,1.5,1.8,0.8,0.5,0.2,0.7,1.3,8.4
318,Donatas Motiejūnas,PF,23,HOU,62,3,15.4,2.1,4.8,0.44299999999999995,0.3,1.4,0.25,1.8,3.4,0.519,0.478,0.9,1.5,0.604,1.0,2.7,3.6,0.5,0.3,0.3,0.8,2.1,5.5
319,Arnett Moultrie,PF,23,PHI,12,2,15.6,1.3,3.2,0.42100000000000004,0.0,0.0,,1.3,3.2,0.42100000000000004,0.42100000000000004,0.3,0.4,0.8,0.9,2.0,2.9,0.2,0.7,0.3,0.6,1.8,3.0
320,Timofey Mozgov,C,27,DEN,82,30,21.6,3.5,6.6,0.523,0.0,0.3,0.16699999999999998,3.4,6.4,0.539,0.527,2.4,3.2,0.754,2.1,4.4,6.4,0.8,0.3,1.2,1.5,2.6,9.4
321,Shabazz Muhammad,SG,21,MIN,37,0,7.8,1.5,3.4,0.46,0.1,0.3,0.273,1.5,3.1,0.478,0.47200000000000003,0.7,1.1,0.65,0.6,0.8,1.4,0.2,0.2,0.0,0.4,0.6,3.9
322,Byron Mullens,C,24,TOT,45,0,9.2,1.6,3.7,0.442,0.7,2.0,0.371,0.9,1.7,0.526,0.542,0.2,0.4,0.5,0.5,1.5,2.0,0.3,0.3,0.2,0.6,1.4,4.2
323,Erik Murphy,C,23,CHI,24,0,2.6,0.1,0.5,0.231,0.0,0.1,0.0,0.1,0.4,0.3,0.231,0.0,0.0,,0.1,0.3,0.3,0.1,0.0,0.2,0.1,0.3,0.3
324,Toure' Murry,PG,24,NYK,51,0,7.3,1.1,2.5,0.434,0.1,0.2,0.41700000000000004,1.0,2.3,0.436,0.45299999999999996,0.5,0.8,0.59,0.3,0.6,0.9,1.0,0.4,0.0,0.7,0.9,2.7
325,Mike Muscala,PF,22,ATL,20,0,10.8,1.6,3.7,0.425,0.0,0.2,0.0,1.6,3.5,0.44299999999999995,0.425,0.7,0.7,1.0,0.9,1.8,2.6,0.4,0.2,0.5,0.6,1.5,3.8
326,Hamady N'Diaye,C,27,SAC,14,0,5.3,0.2,0.6,0.33299999999999996,0.0,0.0,,0.2,0.6,0.33299999999999996,0.33299999999999996,0.0,0.1,0.0,0.4,0.9,1.3,0.2,0.0,0.3,0.2,1.1,0.4
327,Steve Nash,PG,39,LAL,15,10,20.9,2.4,6.3,0.38299999999999995,0.5,1.6,0.33299999999999996,1.9,4.7,0.4,0.426,1.5,1.6,0.917,0.3,1.7,1.9,5.7,0.5,0.1,2.1,1.2,6.8
328,Gary Neal,SG,29,TOT,52,3,21.4,3.7,9.1,0.41,1.3,3.5,0.37799999999999995,2.4,5.6,0.43,0.48200000000000004,1.8,2.0,0.895,0.2,1.5,1.7,1.6,0.3,0.0,1.2,1.3,10.5
329,Nemanja Nedović,SG,22,GSW,24,0,5.9,0.3,1.6,0.205,0.1,0.8,0.16699999999999998,0.2,0.9,0.23800000000000002,0.244,0.3,0.3,0.875,0.1,0.5,0.6,0.5,0.0,0.0,0.5,0.5,1.1
330,Jameer Nelson,PG,31,ORL,68,68,32.0,4.3,11.0,0.39399999999999996,2.0,5.8,0.348,2.3,5.2,0.444,0.485,1.4,1.6,0.857,0.4,3.0,3.4,7.0,0.8,0.1,2.4,2.1,12.1
331,Andrew Nicholson,PF,24,ORL,76,5,15.4,2.4,5.5,0.429,0.4,1.2,0.315,2.0,4.4,0.45899999999999996,0.462,0.6,0.8,0.825,0.7,2.7,3.4,0.3,0.2,0.3,0.7,2.0,5.7
332,Joakim Noah,C,28,CHI,80,80,35.3,4.8,10.0,0.475,0.0,0.0,0.0,4.8,10.0,0.47600000000000003,0.475,3.1,4.2,0.737,3.5,7.7,11.3,5.4,1.2,1.5,2.4,3.1,12.6
333,Steve Novak,PF,30,TOR,54,1,10.0,1.1,2.7,0.41100000000000003,1.0,2.3,0.426,0.1,0.4,0.33299999999999996,0.589,0.1,0.1,1.0,0.1,0.9,1.1,0.2,0.2,0.1,0.1,0.8,3.3
334,Dirk Nowitzki,PF,35,DAL,80,80,32.9,7.9,15.9,0.49700000000000005,1.6,4.1,0.39799999999999996,6.3,11.8,0.532,0.5489999999999999,4.2,4.7,0.899,0.5,5.7,6.2,2.7,0.9,0.6,1.5,2.1,21.7
335,James Nunnally,SF,23,TOT,13,0,12.7,1.2,3.5,0.326,0.6,1.9,0.32,0.5,1.6,0.33299999999999996,0.413,0.5,0.7,0.667,0.1,1.4,1.5,0.6,0.5,0.2,0.5,0.8,3.4
336,Jermaine O'Neal,PF,35,GSW,44,13,20.1,2.8,5.6,0.504,0.0,0.0,,2.8,5.6,0.504,0.504,2.3,3.0,0.75,1.9,3.6,5.5,0.6,0.3,0.9,1.2,2.3,7.9
337,Kyle O'Quinn,C,23,ORL,69,19,17.2,2.7,5.4,0.501,0.0,0.0,0.0,2.7,5.3,0.505,0.501,0.8,1.2,0.687,1.4,3.8,5.3,1.1,0.6,1.3,1.1,2.4,6.2
338,Greg Oden,C,26,MIA,23,6,9.2,1.2,2.1,0.551,0.0,0.0,,1.2,2.1,0.551,0.551,0.6,1.0,0.565,1.0,1.3,2.3,0.0,0.3,0.6,0.5,2.3,2.9
339,Victor Oladipo,PG,21,ORL,80,44,31.1,4.9,11.7,0.419,0.9,2.8,0.327,4.0,8.9,0.44799999999999995,0.45799999999999996,3.1,4.0,0.78,0.5,3.6,4.1,4.1,1.6,0.5,3.2,2.6,13.8
340,Kelly Olynyk,C,22,BOS,70,9,20.0,3.3,7.2,0.466,0.6,1.6,0.35100000000000003,2.8,5.5,0.5,0.506,1.4,1.7,0.8109999999999999,2.0,3.2,5.2,1.6,0.5,0.4,1.5,3.2,8.7
341,Arinze Onuaku,PF,26,TOT,5,0,6.0,0.2,1.0,0.2,0.0,0.0,,0.2,1.0,0.2,0.2,0.2,0.4,0.5,0.4,1.2,1.6,0.6,0.0,0.0,0.2,0.6,0.6
342,Daniel Orton,C,23,PHI,22,4,11.4,1.0,2.1,0.447,0.0,0.0,,1.0,2.1,0.447,0.447,1.0,1.4,0.767,0.7,2.0,2.8,0.7,0.3,0.7,0.8,1.7,3.0
343,Travis Outlaw,SF,29,SAC,63,4,16.9,2.1,5.2,0.39899999999999997,0.7,1.9,0.35,1.4,3.3,0.426,0.462,0.7,0.8,0.8079999999999999,0.6,2.1,2.7,0.8,0.3,0.3,0.4,1.5,5.4
344,Zaza Pachulia,C,29,MIL,53,43,25.0,2.8,6.6,0.42700000000000005,0.0,0.0,0.0,2.8,6.6,0.428,0.42700000000000005,2.1,2.5,0.846,2.7,3.6,6.3,2.6,0.8,0.3,1.7,2.3,7.7
345,Jannero Pargo,PG,34,CHA,29,0,8.3,1.8,4.1,0.441,0.8,2.1,0.4,1.0,2.0,0.483,0.542,0.3,0.4,0.727,0.0,0.7,0.7,1.8,0.5,0.0,0.9,0.6,4.7
346,Tony Parker,PG,31,SAS,68,68,29.4,6.7,13.4,0.499,0.4,1.0,0.373,6.3,12.5,0.509,0.513,2.9,3.6,0.8109999999999999,0.3,2.0,2.3,5.7,0.5,0.1,2.2,1.3,16.7
347,Chandler Parsons,SF,25,HOU,74,74,37.6,6.3,13.3,0.47200000000000003,1.8,4.7,0.37,4.5,8.6,0.528,0.5379999999999999,2.2,3.0,0.742,0.9,4.6,5.5,4.0,1.2,0.4,1.9,2.3,16.6
348,Patrick Patterson,PF,24,TOT,65,13,23.6,3.5,7.5,0.46,0.8,2.3,0.364,2.6,5.2,0.503,0.516,0.8,1.1,0.7040000000000001,1.8,3.5,5.3,1.2,0.8,0.6,1.0,2.4,8.5
349,Chris Paul,PG,28,LAC,62,62,35.0,6.5,14.0,0.467,1.3,3.4,0.368,5.3,10.6,0.498,0.511,4.8,5.6,0.855,0.6,3.7,4.3,10.7,2.5,0.1,2.3,2.5,19.1
350,Nikola Peković,C,28,MIN,54,54,30.8,7.0,13.0,0.541,0.0,0.0,,7.0,13.0,0.541,0.541,3.4,4.6,0.747,3.8,4.9,8.7,0.9,0.6,0.4,1.6,2.4,17.5
351,Kendrick Perkins,C,29,OKC,62,62,19.5,1.4,3.1,0.451,0.0,0.0,0.0,1.4,3.1,0.45299999999999996,0.451,0.6,1.1,0.552,1.3,3.6,4.9,1.1,0.4,0.5,1.5,2.9,3.4
352,Paul Pierce,SF,36,BRK,75,68,28.0,4.3,9.5,0.451,1.5,4.0,0.373,2.8,5.5,0.507,0.529,3.4,4.1,0.826,0.3,4.3,4.6,2.4,1.1,0.4,2.0,2.5,13.5
353,Dexter Pittman,C,25,ATL,2,0,1.5,0.0,0.5,0.0,0.0,0.0,,0.0,0.5,0.0,0.0,0.0,1.0,0.0,1.5,0.0,1.5,0.0,0.0,0.0,0.0,0.0,0.0
354,Mason Plumlee,C,23,BRK,70,22,18.2,2.8,4.3,0.659,0.0,0.0,0.0,2.8,4.3,0.6659999999999999,0.659,1.7,2.8,0.626,1.4,3.0,4.4,0.9,0.7,0.8,1.1,2.4,7.4
355,Miles Plumlee,C,25,PHO,80,79,24.6,3.6,6.9,0.517,0.0,0.0,,3.6,6.9,0.517,0.517,0.9,1.7,0.561,2.5,5.4,7.8,0.5,0.6,1.1,1.4,2.3,8.1
356,Quincy Pondexter,SG,25,MEM,15,2,18.0,2.1,5.3,0.392,0.7,2.3,0.324,1.3,3.0,0.444,0.462,1.4,1.7,0.8079999999999999,0.7,1.1,1.7,1.3,0.3,0.1,1.0,1.2,6.3
357,Otto Porter,SF,20,WAS,37,0,8.6,0.9,2.5,0.363,0.1,0.6,0.19,0.8,1.9,0.414,0.385,0.2,0.3,0.667,0.6,1.0,1.5,0.3,0.2,0.0,0.4,0.7,2.1
358,Josh Powell,PF,31,HOU,1,0,19.0,2.0,6.0,0.33299999999999996,0.0,0.0,,2.0,6.0,0.33299999999999996,0.33299999999999996,0.0,0.0,,0.0,5.0,5.0,0.0,0.0,1.0,1.0,1.0,4.0
359,Phil Pressey,PG,22,BOS,75,11,15.1,1.0,3.4,0.308,0.4,1.4,0.264,0.7,2.0,0.34,0.364,0.4,0.6,0.644,0.3,1.1,1.4,3.2,0.9,0.1,1.2,1.3,2.8
360,A.J. Price,SG,27,MIN,28,0,3.5,0.7,1.6,0.413,0.2,0.8,0.273,0.5,0.9,0.542,0.478,0.0,0.1,0.0,0.0,0.3,0.4,0.5,0.0,0.0,0.3,0.2,1.6
361,Ronnie Price,SG,30,ORL,31,2,12.2,0.9,3.0,0.304,0.3,1.4,0.209,0.6,1.6,0.38799999999999996,0.353,0.3,0.4,0.6920000000000001,0.3,1.1,1.4,2.1,0.8,0.1,0.8,1.6,2.4
362,Pablo Prigioni,PG,36,NYK,66,27,19.4,1.3,2.9,0.461,1.0,2.1,0.46399999999999997,0.3,0.8,0.451,0.631,0.2,0.2,0.917,0.5,1.4,2.0,3.5,1.0,0.0,0.9,2.0,3.8
363,Tayshaun Prince,SF,33,MEM,76,76,25.6,2.6,6.5,0.40700000000000003,0.3,0.9,0.29,2.4,5.6,0.426,0.42700000000000005,0.4,0.8,0.5670000000000001,0.4,2.7,3.1,1.6,0.5,0.3,0.5,0.8,6.0
364,Miroslav Raduljica,C,26,MIL,48,2,9.7,1.4,2.6,0.54,0.0,0.0,,1.4,2.6,0.54,0.54,0.9,1.1,0.818,1.1,1.1,2.3,0.5,0.1,0.3,0.6,1.8,3.8
365,Anthony Randolph,PF,24,DEN,43,5,12.3,1.6,4.1,0.386,0.4,1.4,0.295,1.2,2.7,0.435,0.43799999999999994,1.2,1.6,0.754,0.5,2.4,2.8,0.7,0.6,0.4,0.9,1.5,4.8
366,Shavlik Randolph,PF,30,PHO,14,0,6.8,0.5,1.0,0.5,0.0,0.0,,0.5,1.0,0.5,0.5,0.4,0.8,0.545,0.5,1.3,1.8,0.1,0.2,0.1,0.4,1.1,1.4
367,Zach Randolph,PF,32,MEM,79,79,34.2,7.1,15.2,0.467,0.0,0.3,0.1,7.1,14.9,0.474,0.46799999999999997,3.2,4.3,0.742,3.4,6.7,10.1,2.5,0.7,0.3,2.3,2.7,17.4
368,J.J. Redick,SG,29,LAC,35,34,28.2,5.2,11.4,0.455,2.1,5.3,0.395,3.1,6.1,0.507,0.546,2.8,3.0,0.915,0.3,1.9,2.1,2.2,0.8,0.1,1.2,1.9,15.2
369,Glen Rice Jr.,SG,23,WAS,11,1,9.9,1.0,3.4,0.297,0.5,1.5,0.294,0.5,1.8,0.3,0.365,0.5,0.6,0.7140000000000001,0.4,1.5,1.8,0.6,0.5,0.1,0.8,0.6,2.9
370,Luke Ridnour,PG,32,TOT,61,14,18.7,2.1,5.4,0.385,0.6,1.8,0.34299999999999997,1.5,3.6,0.406,0.442,0.3,0.4,0.654,0.4,1.2,1.6,2.9,0.5,0.1,1.1,1.5,5.0
371,Austin Rivers,PG,21,NOP,69,4,19.4,2.8,6.9,0.405,0.5,1.4,0.364,2.3,5.4,0.41600000000000004,0.44299999999999995,1.6,2.5,0.636,0.4,1.5,1.9,2.3,0.7,0.1,1.1,1.9,7.7
372,Andre Roberson,SG,22,OKC,40,16,10.0,0.8,1.7,0.485,0.1,0.3,0.154,0.8,1.4,0.564,0.5,0.2,0.3,0.7,0.9,1.5,2.4,0.4,0.5,0.3,0.5,1.9,1.9
373,Brian Roberts,PG,28,NOP,72,42,23.2,3.4,8.1,0.42,0.9,2.5,0.36,2.5,5.6,0.447,0.475,1.7,1.8,0.94,0.2,1.7,1.9,3.3,0.6,0.1,1.3,1.8,9.4
374,Nate Robinson,PG,29,DEN,44,1,19.7,3.7,8.7,0.428,1.3,3.5,0.377,2.4,5.2,0.46299999999999997,0.504,1.6,1.9,0.835,0.5,1.4,1.8,2.5,0.8,0.1,1.3,2.1,10.4
375,Thomas Robinson,PF,22,POR,70,0,12.5,2.0,4.2,0.48100000000000004,0.0,0.0,0.0,2.0,4.2,0.483,0.48100000000000004,0.8,1.4,0.564,1.5,2.9,4.4,0.5,0.3,0.3,0.8,1.9,4.8
376,Rajon Rondo,PG,27,BOS,30,30,33.3,4.7,11.7,0.40299999999999997,0.9,3.0,0.289,3.8,8.7,0.442,0.44,1.4,2.2,0.627,0.7,4.7,5.5,9.8,1.3,0.1,3.3,2.2,11.7
377,Derrick Rose,PG,25,CHI,10,10,31.1,5.8,16.4,0.354,1.6,4.7,0.34,4.2,11.7,0.359,0.402,2.7,3.2,0.8440000000000001,0.9,2.3,3.2,4.3,0.5,0.1,3.4,1.5,15.9
378,Terrence Ross,SG,22,TOR,81,62,26.7,3.9,9.3,0.423,2.0,5.0,0.395,1.9,4.2,0.45799999999999996,0.531,1.0,1.2,0.8370000000000001,0.5,2.6,3.1,1.0,0.8,0.3,1.1,2.3,10.9
379,Ricky Rubio,PG,23,MIN,82,82,32.2,3.1,8.2,0.381,0.5,1.6,0.331,2.6,6.5,0.39299999999999996,0.413,2.8,3.5,0.802,0.7,3.4,4.2,8.6,2.3,0.1,2.7,2.7,9.5
380,Brandon Rush,SG,28,UTA,38,0,11.0,0.8,2.4,0.33299999999999996,0.4,1.2,0.34,0.4,1.1,0.326,0.42200000000000004,0.1,0.1,0.6,0.1,1.0,1.2,0.6,0.1,0.2,0.5,0.8,2.1
381,Robert Sacre,C,24,LAL,65,13,16.8,2.2,4.6,0.47700000000000004,0.0,0.0,,2.2,4.6,0.47700000000000004,0.47700000000000004,1.0,1.4,0.6809999999999999,1.3,2.6,3.9,0.8,0.4,0.7,0.7,2.1,5.4
382,John Salmons,SG-SF,34,TOT,78,8,22.1,1.9,5.3,0.363,0.8,2.1,0.387,1.1,3.2,0.348,0.439,0.5,0.7,0.769,0.3,1.8,2.1,1.9,0.6,0.2,0.7,1.6,5.2
383,Larry Sanders,C,25,MIL,23,20,25.4,3.3,7.0,0.469,0.0,0.0,0.0,3.3,7.0,0.47200000000000003,0.469,1.1,2.4,0.473,2.6,4.6,7.2,0.8,0.8,1.7,1.1,3.2,7.7
384,Dennis Schröder,PG,20,ATL,49,0,13.1,1.5,3.8,0.38299999999999995,0.2,0.9,0.23800000000000002,1.3,3.0,0.425,0.41,0.6,0.9,0.674,0.1,1.1,1.2,1.9,0.3,0.0,1.2,1.1,3.7
385,Luis Scola,PF,33,IND,82,2,17.1,3.2,6.8,0.47,0.0,0.1,0.14300000000000002,3.2,6.7,0.474,0.47100000000000003,1.2,1.7,0.728,1.0,3.7,4.8,1.0,0.3,0.2,1.3,2.0,7.6
386,Mike Scott,PF,25,ATL,80,6,18.5,3.8,7.9,0.479,0.8,2.5,0.31,3.0,5.4,0.5579999999999999,0.529,1.3,1.7,0.78,0.8,2.8,3.6,0.9,0.4,0.1,1.0,1.5,9.6
387,Thabo Sefolosha,SG,29,OKC,61,61,26.0,2.3,5.6,0.415,0.8,2.5,0.316,1.5,3.1,0.495,0.485,0.9,1.1,0.768,0.8,2.8,3.6,1.5,1.3,0.3,0.9,1.5,6.3
388,Kevin Séraphin,C,24,WAS,53,1,10.9,2.1,4.2,0.505,0.0,0.0,,2.1,4.2,0.505,0.505,0.5,0.6,0.871,1.0,1.4,2.4,0.3,0.1,0.5,0.8,1.9,4.7
389,Ramon Sessions,PG,27,TOT,83,19,26.7,4.0,9.3,0.429,0.4,1.5,0.282,3.6,7.8,0.457,0.452,3.9,4.9,0.807,0.5,2.0,2.4,4.1,0.6,0.1,1.8,1.1,12.3
390,Mustafa Shakur,PG,29,OKC,3,0,3.7,0.0,1.0,0.0,0.0,0.3,0.0,0.0,0.7,0.0,0.0,0.3,0.7,0.5,0.0,0.0,0.0,1.3,0.0,0.0,0.7,0.7,0.3
391,Tornike Shengelia,SF,22,TOT,26,0,5.9,0.5,1.1,0.46399999999999997,0.0,0.2,0.0,0.5,0.8,0.591,0.46399999999999997,0.1,0.3,0.375,0.2,0.5,0.6,0.5,0.1,0.0,0.5,0.7,1.1
392,Iman Shumpert,SG,23,NYK,74,58,26.5,2.5,6.5,0.37799999999999995,1.0,3.1,0.33299999999999996,1.4,3.5,0.418,0.457,0.7,1.0,0.746,1.1,3.1,4.2,1.7,1.2,0.2,1.1,2.8,6.7
393,Alexey Shved,SG,25,MIN,63,0,10.5,1.2,3.8,0.321,0.5,1.6,0.294,0.7,2.1,0.341,0.384,1.1,1.4,0.7559999999999999,0.3,1.0,1.3,1.1,0.4,0.3,0.8,0.6,4.0
394,Henry Sims,C,23,TOT,46,25,19.0,2.8,6.0,0.474,0.0,0.0,0.0,2.8,5.9,0.47600000000000003,0.474,2.0,2.6,0.7440000000000001,2.3,2.9,5.2,1.1,0.6,0.4,0.9,2.5,7.6
395,Kyle Singler,SF,25,DET,82,36,28.5,3.3,7.3,0.447,1.1,3.0,0.382,2.1,4.3,0.49200000000000005,0.525,1.9,2.2,0.826,1.4,2.3,3.7,0.9,0.7,0.5,1.0,2.6,9.6
396,Chris Singleton,SF,24,WAS,25,0,10.0,1.0,2.7,0.373,0.3,0.8,0.368,0.7,1.9,0.375,0.425,0.7,1.0,0.72,0.7,1.5,2.2,0.2,0.4,0.1,0.7,1.0,3.0
397,Peyton Siva,SG,23,DET,24,0,9.3,0.8,2.4,0.316,0.3,1.0,0.28,0.5,1.3,0.344,0.377,0.5,0.6,0.733,0.1,0.5,0.6,1.4,0.4,0.0,0.8,1.1,2.3
398,Donald Sloan,SG,26,IND,48,1,8.2,0.9,2.4,0.376,0.2,0.9,0.23800000000000002,0.7,1.6,0.45299999999999996,0.419,0.3,0.4,0.6,0.1,0.8,0.9,1.0,0.2,0.0,0.5,0.4,2.3
399,Chris Smith,PG,26,NYK,2,0,1.0,0.0,0.0,,0.0,0.0,,0.0,0.0,,,0.0,0.0,,0.0,0.0,0.0,0.0,0.0,0.0,0.0,0.0,0.0
400,Greg Smith,C,23,HOU,11,0,9.1,1.6,2.5,0.643,0.0,0.0,,1.6,2.5,0.643,0.643,0.2,0.5,0.4,1.0,1.5,2.5,0.0,0.1,0.2,0.5,1.5,3.5
401,Ish Smith,PG,25,PHO,70,1,14.4,1.7,4.0,0.423,0.0,0.3,0.043,1.7,3.7,0.457,0.425,0.3,0.6,0.564,0.4,1.4,1.8,2.6,0.7,0.2,0.9,0.9,3.7
402,J.R. Smith,SF,28,NYK,74,37,32.7,5.4,12.9,0.415,2.6,6.5,0.39399999999999996,2.8,6.4,0.436,0.514,1.2,1.9,0.652,0.5,3.5,4.0,3.0,0.9,0.3,1.5,2.6,14.5
403,Jason Smith,PF,27,NOP,31,27,26.8,4.2,9.1,0.465,0.0,0.0,,4.2,9.1,0.465,0.465,1.3,1.6,0.78,1.6,4.2,5.8,0.9,0.4,0.9,0.9,3.2,9.7
404,Josh Smith,SF,28,DET,77,76,35.5,6.7,16.0,0.419,0.9,3.4,0.264,5.8,12.6,0.462,0.44799999999999995,2.1,3.9,0.532,1.3,5.4,6.8,3.3,1.4,1.4,2.6,2.6,16.4
405,Tony Snell,SG,22,CHI,77,12,16.0,1.7,4.4,0.384,0.7,2.3,0.32,0.9,2.1,0.456,0.469,0.4,0.5,0.7559999999999999,0.2,1.4,1.6,0.9,0.4,0.2,0.6,1.1,4.5
406,James Southerland,SF,23,TOT,4,0,7.5,1.3,3.8,0.33299999999999996,0.8,1.5,0.5,0.5,2.3,0.222,0.433,0.3,0.5,0.5,0.0,2.0,2.0,0.0,0.3,0.5,0.3,0.8,3.5
407,Marreese Speights,C,26,GSW,79,3,12.4,2.5,5.6,0.441,0.1,0.4,0.258,2.4,5.2,0.455,0.45,1.4,1.7,0.821,1.3,2.4,3.7,0.4,0.1,0.4,0.8,1.9,6.4
408,Tiago Splitter,C,29,SAS,59,50,21.5,3.1,5.9,0.523,0.0,0.1,0.0,3.1,5.8,0.528,0.523,2.1,2.9,0.6990000000000001,2.1,4.1,6.2,1.5,0.5,0.5,1.3,2.0,8.2
409,D.J. Stephens,SG,23,MIL,3,0,5.0,1.0,2.3,0.429,0.0,0.0,,1.0,2.3,0.429,0.429,0.3,0.3,1.0,0.3,1.3,1.7,0.0,0.0,0.0,0.0,0.0,2.3
410,Lance Stephenson,SG,23,IND,78,78,35.3,5.5,11.2,0.491,1.1,3.1,0.35200000000000004,4.4,8.0,0.545,0.54,1.8,2.5,0.711,1.2,5.9,7.2,4.6,0.7,0.1,2.7,2.5,13.8
411,Greg Stiemsma,C,28,NOP,55,20,18.3,1.3,2.2,0.574,0.0,0.0,0.0,1.3,2.2,0.579,0.574,0.3,0.6,0.594,1.3,2.8,4.1,0.7,0.6,1.0,0.8,3.1,2.9
412,Julyan Stone,SG,25,TOR,21,0,5.7,0.3,0.8,0.41200000000000003,0.1,0.4,0.25,0.2,0.4,0.556,0.47100000000000003,0.1,0.1,0.667,0.1,0.9,1.0,0.6,0.1,0.0,0.2,0.6,0.9
413,Amar'e Stoudemire,C,31,NYK,65,21,22.6,4.8,8.6,0.557,0.0,0.0,,4.8,8.6,0.557,0.557,2.3,3.1,0.7390000000000001,1.7,3.2,4.9,0.5,0.4,0.6,1.4,2.4,11.9
414,Rodney Stuckey,SG,27,DET,73,5,26.7,5.1,11.7,0.436,0.3,1.2,0.273,4.8,10.5,0.455,0.45,3.3,4.0,0.836,0.5,1.8,2.3,2.1,0.7,0.1,1.7,1.8,13.9
415,Jared Sullinger,PF,21,BOS,74,44,27.6,5.2,12.1,0.42700000000000005,0.8,2.8,0.26899999999999996,4.4,9.3,0.475,0.45799999999999996,2.1,2.7,0.778,3.3,4.9,8.1,1.6,0.5,0.7,1.6,3.4,13.3
416,Jeff Taylor,SF,24,CHA,26,8,24.2,3.2,8.4,0.376,0.7,2.6,0.26899999999999996,2.5,5.8,0.424,0.41700000000000004,1.0,1.8,0.5529999999999999,0.6,1.7,2.3,0.8,0.5,0.2,1.0,2.4,8.0
417,Tyshawn Taylor,PG,23,BRK,23,3,11.7,1.3,4.0,0.341,0.1,0.5,0.25,1.2,3.4,0.354,0.35700000000000004,1.0,1.3,0.8,0.1,0.5,0.7,1.6,0.5,0.0,1.3,1.3,3.9
418,Jeff Teague,PG,25,ATL,79,79,32.2,5.8,13.2,0.43799999999999994,0.9,2.8,0.32899999999999996,4.8,10.3,0.469,0.474,4.0,4.8,0.846,0.4,2.2,2.6,6.7,1.1,0.2,2.9,2.0,16.5
419,Marquis Teague,SG,20,TOT,40,3,11.1,1.0,3.0,0.319,0.1,0.5,0.278,0.8,2.5,0.327,0.34,0.7,0.9,0.743,0.0,1.0,1.0,1.5,0.3,0.1,1.0,1.2,2.7
420,Mirza Teletović,SF,28,BRK,72,7,19.4,3.1,7.3,0.418,1.9,4.8,0.39,1.2,2.5,0.47200000000000003,0.546,0.6,0.9,0.71,0.8,2.9,3.7,0.8,0.4,0.3,0.8,2.0,8.6
421,Garrett Temple,SG,27,WAS,75,0,8.5,0.7,1.9,0.36200000000000004,0.1,0.4,0.207,0.6,1.5,0.402,0.38299999999999995,0.4,0.6,0.698,0.3,0.6,0.9,1.0,0.5,0.1,0.6,1.0,1.8
422,Jason Terry,PG,36,BRK,35,0,16.3,1.6,4.3,0.36200000000000004,1.1,2.9,0.379,0.5,1.4,0.327,0.49,0.3,0.4,0.667,0.1,0.9,1.1,1.6,0.4,0.0,0.8,1.4,4.5
423,Hasheem Thabeet,C,26,OKC,23,0,8.3,0.6,1.0,0.565,0.0,0.0,,0.6,1.0,0.565,0.565,0.0,0.2,0.2,0.4,1.3,1.7,0.0,0.2,0.4,0.6,2.0,1.2
424,Adonis Thomas,SF,20,TOT,6,1,6.2,1.0,2.3,0.429,0.2,0.8,0.2,0.8,1.5,0.556,0.46399999999999997,0.2,0.2,1.0,0.0,0.5,0.5,0.5,0.0,0.0,0.2,1.0,2.3
425,Isaiah Thomas,PG,24,SAC,72,54,34.7,6.9,15.2,0.45299999999999996,1.8,5.1,0.349,5.1,10.2,0.504,0.51,4.8,5.7,0.85,0.7,2.3,2.9,6.3,1.3,0.1,3.0,2.6,20.3
426,Lance Thomas,SF,25,NOP,5,0,8.4,0.4,1.8,0.222,0.0,0.0,,0.4,1.8,0.222,0.222,0.4,0.8,0.5,0.4,1.0,1.4,0.6,0.0,0.0,0.4,0.8,1.2
427,Malcolm Thomas,PF,25,TOT,8,0,7.9,0.9,2.0,0.43799999999999994,0.1,0.5,0.25,0.8,1.5,0.5,0.469,0.0,0.3,0.0,0.6,2.0,2.6,0.3,0.0,0.4,1.1,0.6,1.9
428,Hollis Thompson,SF,22,PHI,77,41,22.6,2.2,4.8,0.46,0.9,2.2,0.401,1.4,2.7,0.507,0.55,0.7,0.9,0.7120000000000001,0.9,2.3,3.2,0.9,0.7,0.2,0.8,1.9,6.0
429,Jason Thompson,PF,27,SAC,82,61,24.5,3.1,6.0,0.506,0.0,0.0,,3.1,6.0,0.506,0.506,1.0,1.8,0.579,1.9,4.6,6.4,0.6,0.4,0.7,1.2,3.1,7.1
430,Klay Thompson,SG,23,GSW,81,81,35.4,6.9,15.5,0.444,2.8,6.6,0.41700000000000004,4.1,8.9,0.46399999999999997,0.5329999999999999,1.8,2.3,0.795,0.5,2.6,3.1,2.2,0.9,0.5,1.7,2.9,18.4
431,Tristan Thompson,PF,22,CLE,82,82,31.6,4.4,9.3,0.47700000000000004,0.0,0.0,0.0,4.4,9.3,0.478,0.47700000000000004,2.9,4.1,0.693,3.3,5.9,9.2,0.9,0.5,0.4,1.3,2.3,11.7
432,Marcus Thornton,SG,26,TOT,72,27,24.2,3.5,8.9,0.39399999999999996,1.5,4.4,0.345,2.0,4.5,0.44299999999999995,0.48,1.3,1.6,0.804,0.8,2.0,2.8,1.1,0.8,0.2,0.9,1.5,9.8
433,Jamaal Tinsley,PG,35,UTA,8,5,13.8,0.5,2.5,0.2,0.1,1.9,0.067,0.4,0.6,0.6,0.225,0.0,0.0,,0.3,1.1,1.4,2.9,0.3,0.0,1.1,1.3,1.1
434,Anthony Tolliver,PF,28,CHA,64,9,20.3,2.0,4.8,0.42,1.6,3.9,0.413,0.4,0.9,0.45,0.586,0.5,0.6,0.805,0.5,2.1,2.6,0.7,0.3,0.2,0.4,1.3,6.1
435,P.J. Tucker,SF,28,PHO,81,81,30.7,3.3,7.6,0.431,0.9,2.4,0.387,2.4,5.2,0.45,0.491,1.9,2.5,0.7759999999999999,2.0,4.5,6.5,1.7,1.4,0.3,1.3,2.5,9.4
436,Ronny Turiaf,C,31,MIN,31,10,19.5,2.1,3.5,0.598,0.0,0.0,,2.1,3.5,0.598,0.598,0.7,1.6,0.42,1.8,3.8,5.6,0.8,0.3,1.6,0.8,2.1,4.8
437,Hedo Türkoğlu,SF,34,LAC,38,0,10.3,1.1,2.9,0.385,0.6,1.3,0.44,0.5,1.6,0.33899999999999997,0.486,0.2,0.5,0.5,0.3,2.1,2.3,0.9,0.5,0.3,0.4,1.3,3.0
438,Evan Turner,SF,25,TOT,81,56,30.3,5.4,12.6,0.425,0.6,1.9,0.321,4.7,10.7,0.444,0.45,2.6,3.2,0.813,0.8,4.3,5.0,3.2,0.8,0.1,2.3,2.4,14.0
439,Jeremy Tyler,C,22,NYK,41,0,9.7,1.5,2.8,0.517,0.0,0.0,,1.5,2.8,0.517,0.517,0.6,1.2,0.542,0.9,1.7,2.7,0.2,0.1,0.5,0.6,1.7,3.6
440,Ekpe Udoh,PF,26,MIL,42,14,19.1,1.4,3.4,0.39899999999999997,0.0,0.0,,1.4,3.4,0.39899999999999997,0.39899999999999997,0.7,1.1,0.638,1.5,2.1,3.5,0.7,0.4,1.0,0.9,2.3,3.4
441,Beno Udrih,SG,31,TOT,41,12,15.7,1.9,4.3,0.43799999999999994,0.5,1.0,0.452,1.4,3.3,0.434,0.49200000000000005,0.6,0.7,0.833,0.2,1.2,1.4,2.8,0.6,0.1,1.1,1.2,4.9
442,Jonas Valančiūnas,C,21,TOR,81,81,28.2,4.4,8.3,0.531,0.0,0.0,0.0,4.4,8.3,0.532,0.531,2.4,3.2,0.762,2.8,6.0,8.8,0.7,0.3,0.9,1.7,3.1,11.3
443,Anderson Varejão,C,31,CLE,65,29,27.7,3.5,7.1,0.495,0.0,0.1,0.0,3.5,7.0,0.502,0.495,1.4,2.1,0.6809999999999999,2.9,6.8,9.7,2.2,1.1,0.6,1.1,2.5,8.4
444,Jarvis Varnado,PF,25,TOT,24,0,14.1,1.5,2.5,0.6,0.0,0.0,,1.5,2.5,0.6,0.6,1.1,2.2,0.519,0.8,1.8,2.6,0.5,0.4,1.2,0.4,2.6,4.1
445,Greivis Vásquez,SG-PG,27,TOT,79,23,22.5,3.5,8.3,0.42100000000000004,1.4,3.7,0.377,2.1,4.7,0.455,0.504,1.2,1.4,0.88,0.3,1.9,2.2,4.1,0.4,0.1,1.6,1.8,9.6
446,Jan Veselý,PF,23,TOT,54,1,14.4,1.6,3.2,0.514,0.0,0.0,,1.6,3.2,0.514,0.514,0.4,1.0,0.33899999999999997,1.5,2.0,3.5,0.4,1.0,0.6,0.7,2.2,3.6
447,Charlie Villanueva,PF,29,DET,20,0,9.0,1.8,4.6,0.38,0.7,2.8,0.25,1.1,1.8,0.583,0.457,0.4,0.7,0.5710000000000001,0.3,1.4,1.7,0.3,0.2,0.3,0.4,0.8,4.6
448,Nikola Vučević,C,23,ORL,57,57,31.8,6.2,12.2,0.507,0.0,0.0,,6.2,12.2,0.507,0.507,1.8,2.4,0.7659999999999999,3.2,7.7,11.0,1.8,1.1,0.8,2.0,3.0,14.2
449,Sasha Vujačić,SG,29,LAC,2,0,5.0,1.0,2.5,0.4,0.5,1.0,0.5,0.5,1.5,0.33299999999999996,0.5,0.0,0.0,,0.0,1.5,1.5,0.0,0.5,0.0,1.5,0.5,2.5
450,Dwyane Wade,SG,32,MIA,54,53,32.9,7.7,14.1,0.545,0.2,0.6,0.281,7.5,13.5,0.557,0.551,3.5,4.8,0.733,1.1,3.4,4.5,4.7,1.5,0.5,3.0,2.0,19.0
451,Dion Waiters,SG,22,CLE,70,24,29.6,6.1,14.2,0.433,1.3,3.6,0.368,4.8,10.6,0.455,0.479,2.3,3.4,0.685,0.5,2.3,2.8,3.0,0.9,0.2,2.2,2.2,15.9
452,Kemba Walker,PG,23,CHA,73,73,35.8,6.2,15.7,0.39299999999999996,1.5,4.5,0.33299999999999996,4.7,11.2,0.41700000000000004,0.441,3.9,4.6,0.8370000000000001,0.5,3.7,4.2,6.1,1.2,0.4,2.3,1.8,17.7
453,John Wall,PG,23,WAS,82,82,36.3,7.1,16.3,0.433,1.3,3.8,0.35100000000000003,5.7,12.5,0.45799999999999996,0.473,3.9,4.8,0.805,0.5,3.6,4.1,8.8,1.8,0.5,3.6,2.7,19.3
454,Gerald Wallace,SF,31,BOS,58,16,24.4,2.0,4.0,0.504,0.3,1.1,0.297,1.7,2.9,0.584,0.546,0.8,1.7,0.465,0.6,3.0,3.7,2.5,1.3,0.2,1.7,1.4,5.1
455,Casper Ware,PG,24,PHI,9,0,12.9,2.0,4.7,0.429,0.8,2.3,0.33299999999999996,1.2,2.3,0.524,0.512,0.6,0.7,0.833,0.0,1.0,1.0,1.1,0.9,0.0,0.6,1.2,5.3
456,C.J. Watson,PG,29,IND,63,5,18.9,2.3,5.3,0.43700000000000006,0.8,2.3,0.366,1.5,3.0,0.49200000000000005,0.516,1.1,1.4,0.784,0.3,1.3,1.6,1.7,1.0,0.1,1.0,1.0,6.6
457,Earl Watson,PG,34,POR,24,0,6.7,0.1,0.5,0.273,0.1,0.3,0.28600000000000003,0.0,0.2,0.25,0.364,0.2,0.2,1.0,0.2,0.4,0.6,1.2,0.2,0.0,0.7,1.4,0.5
458,Maalik Wayns,PG,22,LAC,2,0,4.5,0.5,1.0,0.5,0.0,0.0,,0.5,1.0,0.5,0.5,0.0,0.0,,0.0,1.0,1.0,1.0,1.0,0.0,0.0,2.0,1.0
459,Martell Webster,SF,27,WAS,78,13,27.7,3.3,7.5,0.433,1.9,4.8,0.392,1.4,2.8,0.502,0.557,1.3,1.6,0.84,0.5,2.4,2.8,1.2,0.5,0.2,0.7,1.9,9.7
460,David West,PF,33,IND,80,80,30.9,5.7,11.7,0.488,0.1,0.2,0.267,5.7,11.6,0.491,0.49,2.5,3.1,0.789,1.5,5.3,6.8,2.8,0.8,0.9,1.7,2.3,14.0
461,Russell Westbrook,PG,25,OKC,46,46,30.7,7.5,17.2,0.43700000000000006,1.5,4.7,0.318,6.0,12.5,0.48200000000000004,0.48,5.3,6.4,0.826,1.2,4.5,5.7,6.9,1.9,0.2,3.8,2.3,21.8
462,D.J. White,PF,27,CHA,2,0,5.0,0.0,0.5,0.0,0.0,0.0,,0.0,0.5,0.0,0.0,0.0,0.0,,0.0,1.0,1.0,0.0,0.5,0.0,0.0,0.5,0.0
463,Royce White,PF,22,SAC,3,0,3.0,0.0,0.3,0.0,0.0,0.0,,0.0,0.3,0.0,0.0,0.0,0.0,,0.0,0.0,0.0,0.0,0.0,0.0,0.0,0.7,0.0
464,Deron Williams,PG,29,BRK,64,58,32.2,5.0,11.2,0.45,1.5,4.2,0.366,3.5,7.0,0.5,0.518,2.7,3.4,0.8009999999999999,0.2,2.4,2.6,6.1,1.5,0.2,2.2,2.3,14.3
465,Derrick Williams,SF-PF,22,TOT,78,15,23.3,2.6,6.2,0.42700000000000005,0.3,1.3,0.263,2.3,4.9,0.47,0.45399999999999996,2.4,3.3,0.718,0.9,3.2,4.1,0.7,0.6,0.3,1.0,1.5,8.0
466,Elliot Williams,SG,24,PHI,67,2,17.3,2.1,5.0,0.415,0.6,1.9,0.29600000000000004,1.5,3.2,0.486,0.47,1.3,1.8,0.731,0.4,1.5,1.9,1.1,0.5,0.0,1.0,1.9,6.0
467,Lou Williams,PG,27,ATL,60,7,24.1,3.3,8.2,0.4,1.3,3.9,0.342,2.0,4.4,0.45,0.48,2.5,3.0,0.8490000000000001,0.2,1.9,2.1,3.5,0.8,0.1,1.5,1.1,10.4
468,Marvin Williams,PF,27,UTA,66,50,25.4,3.5,8.0,0.439,1.3,3.5,0.359,2.2,4.4,0.503,0.519,0.9,1.1,0.7809999999999999,1.2,3.8,5.1,1.2,0.8,0.5,0.8,2.3,9.1
469,Mo Williams,PG,31,POR,74,0,24.8,3.8,9.1,0.41700000000000004,1.1,3.0,0.369,2.7,6.0,0.441,0.478,1.1,1.2,0.8759999999999999,0.6,1.5,2.1,4.3,0.7,0.1,2.0,2.7,9.7
470,Reggie Williams,SF,27,OKC,3,0,5.7,1.7,3.0,0.556,0.3,1.0,0.33299999999999996,1.3,2.0,0.667,0.611,0.0,0.0,,0.0,0.0,0.0,0.3,0.3,0.0,0.7,0.3,3.7
471,Shawne Williams,PF,27,LAL,36,13,20.9,2.0,5.3,0.38,1.2,3.6,0.326,0.9,1.8,0.49200000000000005,0.49,0.4,0.6,0.7,0.7,3.9,4.6,0.8,0.5,0.8,0.6,2.6,5.6
472,Jeff Withey,C,23,NOP,58,4,11.8,1.2,2.2,0.535,0.0,0.0,0.0,1.2,2.2,0.539,0.535,0.9,1.3,0.7120000000000001,0.8,1.7,2.6,0.4,0.3,0.9,0.3,1.3,3.3
473,Nate Wolters,PG,22,MIL,58,31,22.6,2.9,6.7,0.43700000000000006,0.3,1.1,0.29,2.6,5.6,0.465,0.46,1.0,1.6,0.6559999999999999,0.6,2.0,2.6,3.2,0.6,0.3,1.0,1.2,7.2
474,Metta World Peace,SF,34,NYK,29,1,13.4,1.9,4.9,0.397,0.6,1.9,0.315,1.3,3.0,0.44799999999999995,0.457,0.3,0.6,0.625,0.6,1.4,2.0,0.6,0.8,0.3,0.7,1.5,4.8
475,Brandan Wright,C,26,DAL,58,0,18.6,3.9,5.7,0.677,0.0,0.0,,3.9,5.7,0.677,0.677,1.3,1.8,0.726,1.8,2.4,4.2,0.5,0.6,0.9,0.6,1.6,9.1
476,Chris Wright,SF,25,MIL,8,0,15.8,2.6,4.4,0.6,0.0,0.1,0.0,2.6,4.3,0.618,0.6,0.8,1.9,0.4,1.3,1.3,2.5,0.6,0.9,0.6,0.6,2.1,6.0
477,Dorell Wright,SF,28,POR,68,13,14.5,1.6,4.4,0.374,1.0,3.0,0.342,0.6,1.4,0.442,0.49,0.8,1.0,0.754,0.4,2.4,2.8,0.9,0.3,0.2,0.6,0.9,5.0
478,Tony Wroten,PG,20,PHI,72,16,24.5,4.8,11.2,0.42700000000000005,0.6,2.6,0.213,4.2,8.6,0.49200000000000005,0.452,2.9,4.5,0.6409999999999999,1.0,2.2,3.2,3.0,1.1,0.2,2.8,2.1,13.0
479,Nick Young,SG,28,LAL,64,9,28.3,6.0,13.9,0.435,2.1,5.5,0.386,3.9,8.4,0.46799999999999997,0.511,3.7,4.5,0.825,0.5,2.1,2.6,1.5,0.7,0.2,1.5,2.4,17.9
480,Thaddeus Young,PF,25,PHI,79,78,34.4,7.4,16.2,0.45399999999999996,1.1,3.7,0.308,6.2,12.5,0.496,0.489,2.1,2.9,0.7120000000000001,2.1,3.9,6.0,2.3,2.1,0.5,2.1,2.7,17.9
481,Cody Zeller,C,21,CHA,82,3,17.3,2.1,4.9,0.426,0.0,0.0,0.0,2.1,4.9,0.42700000000000005,0.426,1.8,2.4,0.73,1.4,2.9,4.3,1.1,0.5,0.5,1.1,2.1,6.0
482,Tyler Zeller,C,24,CLE,70,9,15.0,2.2,4.1,0.5379999999999999,0.0,0.0,0.0,2.2,4.1,0.54,0.5379999999999999,1.2,1.7,0.7190000000000001,1.5,2.6,4.0,0.5,0.3,0.5,0.9,2.0,5.7
